0,0,2,0,0,0,0,0,0,0,0,0,0,0,0,1,0,0,0,0,0,2,3,0,0,0,1,2,0,0,0,0,0,0,0,0,0,0,0,0,1,0,0,0,2,0,5,0,0,0,0,0,0,0,0,0,0,0,0,1,2,0,0,0,0,0,1,0,1,2,1,9,0,0,0,0,1,0,1,0,0,0,2,3,0,2,0,0,0,0,0,0,0,0,0,0,0,0,3,0
0,2,2,0,0,0,0,0,0,2,0,0,0,0,1,0,0,0,0,0,0,0,0,0,0,0,0,0,0,0,0,0,0,2,0,0,0,0,0,0,0,0,1,0,0,2,0,1,5,0,0,0,0,8,0,8,0,1,0,2,0,0,0,0,0,0,0,0,1,0,0,1,0,0,0,12,0,0,0,1,0,1,0,1,3,0,1,2,0,0,0,0,0,0,0,4,0,0,0,0
1,0,0,0,0,0,0,0,0,4,0,0,3,0,1,1,0,0,0,0,0,2,3,0,0,0,0,2,0,0,0,0,0,0,0,0,0,0,3,0,0,0,0,0,0,0,0,0,0,0,1,0,0,0,0,0,0,0,0,0,0,0,0,0,0,0,0,0,0,0,0,0,0,0,1,1,0,0,0,0,0,0,0,1,0,0,0,1,0,0,0,0,0,3,1,0,0,0,0,0
0,0,0,0,0,0,0,0,0,0,0,0,0,0,0,1,0,0,0,1,0,2,0,0,0,1,0,0,0,0,0,0,0,1,0,0,0,0,0,0,0,0,1,0,0,0,1,0,4,0,0,0,0,4,0,3,0,0,0,1,0,0,0,0,0,0,1,0,2,0,0,0,0,0,0,9,0,0,0,1,0,0,0,0,2,0,1,3,2,0,0,0,0,0,0,6,0,2,0,1
0,0,0,0,0,0,0,0,0,2,3,0,0,0,0,1,0,0,0,0,0,0,4,2,0,0,1,0,0,0,0,0,0,0,0,0,0,0,0,0,0,0,0,0,0,0,1,0,3,0,0,0,2,0,0,0,0,0,0,0,0,0,0,0,0,0,0,0,0,3,2,1,0,0,0,0,0,0,3,1,0,0,0,0,0,0,0,0,3,0,0,0,0,0,0,0,0,0,0,0
0,1,1,0,0,0,0,0,0,0,0,0,0,1,0,0,0,0,0,0,0,0,1,0,0,0,6,1,0,0,0,0,0,1,0,0,0,0,0,1,0,0,0,0,1,0,0,0,1,0,0,0,3,1,0,0,1,1,1,0,0,0,0,1,0,0,0,0,0,2,0,3,0,0,0,0,0,0,1,0,0,0,0,0,0,0,1,0,0,0,0,0,2,0,1,0,0,1,5,0
0,0,1,0,0,0,0,0,0,1,0,0,0,0,0,0,0,0,0,0,0,0,0,0,0,0,0,0,0,0,0,0,0,0,1,0,0,1,0,0,0,0,0,0,0,0,0,0,0,0,3,0,2,1,0,1,0,0,0,0,0,0,1,0,0,0,0,0,0,0,0,3,0,0,0,0,3,0,0,0,0,1,0,1,0,0,0,0,0,0,1,0,0,0,0,0,0,0,0,0
1,0,0,0,0,0,0,0,0,3,0,0,0,1,0,0,0,0,0,0,0,0,2,0,1,0,0,0,1,0,0,1,2,0,0,0,0,0,0,0,0,0,0,0,0,0,0,0,6,0,9,0,2,0,0,1,1,0,2,0,0,0,0,2,0,0,0,1,1,1,1,1,0,0,1,1,3,0,0,0,0,0,2,2,0,0,0,0,1,0,0,0,0,0,0,0,0,0,0,0
0,0,0,0,0,0,0,0,0,1,0,0,0,0,0,0,0,0,0,0,0,2,1,0,0,0,0,0,0,0,4,0,0,2,0,0,0,0,0,0,0,0,0,1,0,0,0,0,3,1,0,0,0,0,0,1,0,0,0,0,0,0,0,0,2,0,0,0,3,0,0,0,0,0,0,0,0,0,0,0,0,0,0,0,2,0,1,0,0,0,0,0,0,0,0,0,0,0,0,2
0,0,1,0,0,0,0,0,0,4,1,0,0,1,0,0,0,0,0,2,0,0,1,1,0,0,0,0,0,0,0,0,1,1,0,0,0,0,0,0,0,0,0,0,0,0,0,0,1,0,1,0,1,1,0,1,0,1,0,1,0,0,0,1,0,0,0,0,0,1,0,0,3,0,0,2,2,0,2,1,0,0,0,0,0,0,0,0,3,0,0,0,0,0,0,0,0,0,0,0
0,0,3,0,0,0,0,0,0,3,0,0,1,0,0,0,0,2,0,0,0,0,3,0,0,0,0,0,0,0,0,3,0,0,0,6,0,0,0,0,0,0,0,0,0,0,0,0,2,0,3,0,0,0,0,0,1,0,0,0,0,0,0,2,0,1,0,0,1,0,0,0,0,0,0,1,0,0,0,1,0,1,1,2,0,0,0,0,0,0,1,0,0,0,0,0,0,1,0,0
2,1,2,0,0,1,1,0,0,0,0,0,1,1,0,0,1,0,2,0,0,1,1,1,2,3,1,0,1,0,0,0,0,1,0,0,0,0,0,0,0,1,0,0,0,0,1,0,2,0,7,3,11,0,0,0,2,0,0,0,0,0,0,2,1,1,0,0,0,0,1,1,1,0,0,0,8,0,0,1,0,0,0,2,0,0,0,0,0,0,0,0,1,4,0,0,0,3,0,1
0,0,0,0,0,0,0,0,0,0,0,1,0,2,0,0,1,0,2,1,0,6,0,0,1,0,2,1,0,0,0,0,0,0,0,0,0,0,1,0,1,0,0,1,0,0,0,0,1,0,5,0,3,0,0,0,0,0,1,0,0,1,0,0,0,0,0,0,1,0,0,0,0,0,0,0,2,0,0,1,0,0,0,0,0,0,0,0,0,0,0,0,0,2,0,0,0,2,0,0
0,0,0,0,3,3,0,1,0,0,0,0,0,1,0,2,0,1,2,0,0,43,2,0,0,0,0,5,0,0,1,0,0,3,0,0,0,1,0,0,0,0,1,0,0,0,1,0,5,0,0,0,0,0,0,1,0,0,0,1,1,0,0,1,1,3,0,0,3,0,0,5,0,0,0,5,1,0,1,1,0,0,2,3,1,0,0,1,0,0,0,5,0,0,0,0,0,2,0,0
0,1,1,0,0,3,0,0,0,1,0,0,0,1,1,0,2,0,2,0,0,8,0,0,3,0,0,0,1,0,0,0,0,0,0,0,0,0,4,0,0,1,1,0,0,0,0,0,2,1,4,0,2,2,0,0,0,0,1,0,0,0,1,0,0,0,2,0,0,0,0,0,0,0,1,0,1,0,0,0,0,0,0,0,0,0,0,0,0,0,0,0,0,5,0,0,0,0,0,1
1,0,1,0,0,0,3,0,0,0,0,0,1,1,0,0,0,0,0,0,2,0,0,0,1,0,0,0,0,5,0,0,0,0,0,0,0,1,0,0,0,0,0,0,0,3,0,0,1,0,4,0,1,0,0,0,0,0,2,0,0,0,0,0,0,0,0,0,0,0,0,0,0,0,2,0,2,0,0,0,0,0,0,0,0,0,0,0,0,0,0,0,0,1,0,0,3,0,0,0
0,1,2,1,0,0,1,0,0,0,0,0,0,0,0,0,0,0,0,0,0,4,8,1,0,0,0,0,2,0,0,0,0,3,0,0,0,1,0,1,0,3,0,0,0,1,1,1,2,0,0,0,0,0,1,0,2,0,0,1,0,0,1,0,0,0,2,0,4,0,0,2,0,0,2,0,0,1,0,0,0,0,0,0,1,0,0,0,0,0,0,5,0,6,1,0,3,1,0,2
0,0,0,0,0,3,0,0,0,0,0,4,0,0,0,0,0,0,1,0,0,0,1,0,0,0,0,0,0,0,0,0,0,0,2,0,0,0,0,0,0,0,0,0,0,0,0,0,0,0,0,0,0,0,0,0,1,0,0,0,0,0,0,0,0,0,0,0,0,0,1,0,0,0,0,0,0,0,0,0,0,0,0,0,0,0,0,0,0,0,0,0,0,0,0,0,0,0,0,0
3,0,4,0,0,0,0,3,0,5,0,0,0,0,0,3,0,0,0,0,0,1,3,2,1,2,0,0,0,0,0,3,1,3,0,0,0,0,0,0,0,0,0,2,0,0,2,0,6,1,14,2,1,0,2,0,0,0,2,0,0,0,0,2,0,3,0,0,2,1,2,3,0,0,0,1,2,0,0,0,0,1,3,5,0,0,0,0,1,0,1,0,1,0,0,0,0,0,0,1
0,0,0,0,0,1,0,0,0,0,0,0,0,0,0,0,0,0,1,0,0,1,0,0,0,0,0,0,0,0,1,0,2,0,0,0,0,0,0,0,0,0,0,0,0,0,0,0,2,0,0,0,0,0,0,1,0,0,0,1,0,0,0,1,0,3,0,0,1,0,0,0,1,0,0,0,1,0,0,0,0,0,0,0,0,0,0,0,0,0,0,0,0,0,0,0,0,1,0,0
0,0,0,0,0,0,0,0,0,0,1,0,0,0,0,0,0,0,0,0,0,2,5,1,0,0,1,9,0,0,0,0,0,0,0,0,0,0,0,0,3,0,0,0,0,0,2,0,3,0,0,0,0,0,0,0,0,0,0,0,0,0,0,0,0,0,1,2,0,0,0,1,0,0,0,0,0,0,0,0,0,0,0,0,0,2,0,2,3,0,0,0,0,0,0,0,0,0,0,1
0,0,0,0,0,0,0,0,0,1,2,0,0,1,0,2,0,0,0,0,0,1,6,0,0,1,0,13,0,0,0,0,2,0,0,0,0,0,0,0,2,0,0,0,0,0,10,0,5,0,0,0,0,0,0,0,0,0,0,0,3,0,0,1,2,0,2,3,0,2,0,1,0,0,0,0,0,0,3,1,0,0,0,2,2,6,0,1,2,0,0,0,0,0,0,0,0,0,0,2
0,0,1,0,0,0,0,0,0,4,0,1,0,0,0,0,0,0,0,0,0,0,3,0,1,0,0,0,0,0,0,1,0,1,0,0,0,0,0,0,0,1,0,0,1,0,1,0,5,0,2,1,1,0,0,0,1,0,1,0,0,0,0,0,0,2,0,0,1,1,1,1,1,0,0,0,0,0,2,1,0,1,0,2,0,0,1,0,0,0,1,2,0,1,0,0,0,2,0,0
2,0,2,0,0,0,4,0,0,0,0,0,0,0,0,1,2,2,1,0,0,1,0,0,0,0,1,0,1,0,0,0,0,0,4,0,0,1,1,1,0,0,0,1,0,0,0,0,0,0,6,0,12,0,0,0,0,0,2,0,0,1,1,0,0,0,0,0,0,0,0,0,0,0,0,0,14,0,0,0,0,0,0,0,0,0,0,0,0,0,0,0,1,0,0,0,0,0,0,0
0,0,0,0,0,0,1,0,1,0,0,0,0,0,0,0,0,0,2,0,1,2,2,0,0,0,1,4,0,0,0,0,0,0,0,0,0,0,0,0,1,0,0,0,0,0,2,0,4,1,0,0,0,0,0,0,1,0,0,0,0,0,0,1,0,0,3,2,0,1,0,1,0,0,0,1,0,0,1,2,0,0,0,0,0,5,1,2,2,2,0,2,0,0,0,0,0,0,1,0
1,0,0,0,0,0,0,0,0,2,0,1,1,0,0,0,0,0,1,0,0,0,0,0,1,1,0,0,0,0,0,1,0,0,0,0,3,0,0,0,0,0,0,0,0,0,0,0,4,0,9,0,2,0,0,0,0,0,4,0,0,0,0,2,0,2,0,0,0,0,0,0,1,0,1,0,1,0,0,0,0,2,2,3,0,0,0,0,0,0,1,0,0,0,0,0,0,0,0,0
1,0,0,0,0,0,0,2,0,0,0,3,0,4,0,0,0,1,0,1,0,0,0,0,1,2,0,0,0,0,0,0,1,1,0,1,0,0,0,0,0,1,0,0,2,0,1,0,6,1,10,2,8,3,0,0,1,1,0,0,0,0,1,2,0,0,0,0,0,3,3,1,1,0,0,1,3,0,1,1,7,0,0,3,0,0,0,0,0,0,0,0,0,0,0,0,0,0,0,0
0,0,0,0,0,0,0,0,0,0,0,0,0,0,1,0,0,0,0,0,0,0,0,0,0,0,0,0,0,0,0,0,0,0,0,0,0,0,0,0,0,0,0,0,0,0,0,0,0,0,0,0,0,0,0,0,0,0,0,0,0,0,0,0,0,0,0,0,0,0,0,0,0,0,0,0,0,1,0,0,0,0,1,0,0,0,0,0,0,0,0,0,0,0,0,0,0,0,0,0
0,2,0,2,5,0,0,0,0,0,0,0,0,0,4,0,0,0,0,0,0,1,7,0,0,0,0,0,0,0,1,0,0,1,0,0,0,0,0,0,1,1,0,1,0,0,1,0,1,0,0,0,0,6,0,0,0,0,0,0,0,0,0,0,0,0,1,1,2,0,1,0,0,0,0,2,0,6,0,0,0,1,1,0,1,0,1,2,1,0,0,0,0,3,0,1,0,1,0,1
1,0,0,0,0,0,3,0,0,0,0,0,0,1,0,0,0,0,0,0,1,2,0,0,2,0,0,0,0,6,0,0,0,0,0,0,0,0,1,0,0,0,0,0,0,2,0,0,1,0,7,0,2,0,0,0,0,0,1,1,0,0,1,0,0,0,0,0,0,0,0,0,0,0,1,0,3,0,0,1,0,0,0,0,0,0,0,0,0,0,0,0,0,6,0,0,0,0,0,0
0,0,0,3,0,0,0,0,0,0,0,0,0,0,1,0,0,0,0,0,0,5,3,0,0,0,0,0,0,0,1,0,0,0,0,0,0,0,0,0,0,1,0,0,0,0,0,0,0,0,0,0,0,1,1,0,0,0,0,0,0,0,0,0,0,0,0,1,0,0,0,0,0,0,0,5,0,4,0,0,0,0,0,0,0,0,0,0,0,0,0,0,0,4,0,1,0,0,0,0
0,0,0,1,1,0,0,0,3,0,0,0,0,0,2,0,0,0,0,0,0,3,3,0,0,0,0,0,0,0,2,0,0,1,0,0,0,0,0,0,0,0,0,0,0,0,0,1,1,0,0,0,0,0,0,0,0,0,0,0,0,0,0,0,0,4,1,0,0,1,0,0,0,0,0,0,0,4,0,0,0,1,0,0,0,1,1,0,0,0,1,2,0,3,0,0,0,1,0,0
0,1,0,0,0,0,0,0,0,0,0,1,0,0,0,0,0,0,2,0,0,5,1,0,1,0,0,0,0,0,1,0,0,3,0,0,0,0,0,2,1,1,1,0,0,0,0,0,0,0,0,0,0,0,0,0,0,0,0,0,0,0,1,0,0,3,0,0,1,0,0,2,0,0,0,0,0,1,0,0,0,0,0,0,0,0,0,0,0,0,0,6,0,1,0,0,0,2,0,0
0,0,0,0,0,0,0,0,0,0,0,1,0,1,0,0,0,0,0,0,0,0,1,0,0,0,1,1,0,0,0,0,0,0,0,0,0,0,0,0,0,1,0,0,0,0,0,2,1,0,0,0,1,0,0,1,0,0,0,0,0,1,0,0,0,0,0,0,0,0,0,0,0,0,0,1,3,0,0,0,0,0,0,0,0,1,0,0,1,0,0,0,0,3,0,1,1,2,0,2
0,0,1,0,0,0,0,2,0,4,0,0,0,3,0,0,0,3,0,0,0,0,4,0,1,3,0,0,0,0,0,0,0,0,0,2,0,0,0,0,0,0,0,1,0,0,0,0,6,1,8,0,1,0,0,0,2,1,0,0,1,0,0,1,0,0,0,0,1,0,1,0,1,0,0,1,1,0,0,1,0,1,3,3,0,0,0,0,0,0,1,0,0,0,0,0,0,0,2,0
2,0,0,0,1,2,0,3,0,0,0,1,0,1,0,0,0,2,3,0,0,9,3,0,0,2,0,0,1,0,0,0,0,3,0,0,0,0,4,0,0,0,1,1,0,0,0,0,0,0,6,0,2,0,1,0,0,0,1,0,0,1,0,0,0,2,1,0,0,0,0,0,0,0,1,0,2,0,0,0,0,0,0,2,0,0,0,0,0,0,0,3,2,1,1,0,0,0,0,1
0,0,0,0,0,0,0,0,1,6,3,0,0,1,0,3,0,0,2,0,0,0,8,0,0,1,0,0,0,0,0,1,2,0,0,0,0,0,0,0,0,0,0,0,0,1,3,0,10,0,4,0,4,0,0,1,1,0,1,0,0,0,0,3,0,0,0,1,1,2,2,0,1,0,0,0,3,0,1,0,0,1,1,3,0,0,3,0,3,0,1,0,0,1,0,0,0,0,0,0
4,0,0,0,0,2,0,2,0,0,0,0,0,1,0,0,0,1,2,0,0,5,1,0,0,1,0,1,0,0,0,0,0,1,0,1,0,0,1,0,0,0,0,1,0,0,0,0,0,0,3,0,0,0,0,0,0,0,0,0,0,0,1,0,0,0,0,0,0,0,0,0,0,0,0,0,0,0,0,1,0,0,0,2,0,0,1,0,0,0,0,0,0,0,0,0,0,1,0,2
0,0,1,0,0,0,0,0,0,5,0,0,0,0,0,0,0,0,0,0,0,0,1,0,0,0,0,0,0,0,0,0,0,0,0,0,0,0,0,0,0,0,1,0,0,0,0,0,4,0,0,0,0,0,0,0,0,0,0,0,0,0,0,0,2,0,0,0,0,0,1,0,0,0,0,2,0,0,0,0,0,0,0,0,0,0,1,1,0,0,0,0,0,0,0,0,0,0,0,0
0,0,0,0,0,0,0,0,0,0,0,0,0,0,0,0,0,0,0,1,0,0,0,0,0,0,0,0,0,0,1,0,1,0,0,0,0,0,0,0,0,1,0,0,0,0,0,0,0,0,0,0,1,3,0,0,0,1,0,0,0,0,1,0,0,0,0,0,0,1,0,1,0,0,0,1,1,0,1,0,0,0,0,0,0,0,0,0,0,0,0,0,0,0,0,0,0,0,0,0
0,0,0,0,0,0,1,0,0,0,0,0,0,0,0,0,5,0,1,0,0,0,1,0,1,0,4,0,0,0,0,0,0,0,0,0,0,0,0,0,1,0,0,0,0,0,0,0,2,0,0,0,4,0,0,0,2,0,2,0,0,1,0,0,0,0,0,0,0,4,0,0,0,0,1,0,1,0,0,0,0,0,0,1,0,0,1,0,0,0,0,1,0,2,0,0,0,0,3,0
0,0,2,0,0,0,0,0,0,0,0,0,0,0,0,0,0,0,0,0,0,0,0,0,0,0,0,0,0,0,0,0,0,0,0,0,0,0,0,0,0,0,0,0,0,1,0,0,0,0,0,0,1,1,0,1,0,1,0,0,0,0,0,0,0,0,0,0,0,0,0,1,0,0,0,0,2,0,0,0,0,0,0,0,0,0,0,0,0,0,0,0,0,0,0,0,0,0,2,0
0,0,3,0,0,0,0,0,0,8,0,0,1,1,0,2,0,0,0,1,0,0,3,1,0,0,0,0,0,0,0,0,0,0,0,1,0,0,0,0,0,0,0,0,0,0,0,0,9,0,8,0,0,2,0,1,2,2,0,0,0,0,0,1,1,0,0,0,0,1,3,2,0,0,0,1,0,0,0,0,0,0,0,3,0,0,0,0,0,0,0,1,0,0,0,0,0,0,0,0
2,0,2,0,0,0,5,1,0,2,0,0,0,3,0,0,3,1,1,1,0,0,0,0,2,0,1,0,2,0,0,0,1,0,6,0,1,1,0,1,0,1,0,1,0,0,0,0,5,0,14,1,5,0,0,1,0,0,3,0,1,0,0,0,0,0,0,0,0,1,1,2,0,0,1,0,6,0,0,1,0,1,0,3,0,0,0,0,0,0,1,0,0,1,0,0,0,1,1,0
0,2,0,0,0,0,2,1,0,0,0,0,0,0,0,0,0,0,0,0,4,0,0,0,1,1,0,2,0,0,0,0,0,0,0,0,0,0,0,0,0,0,0,0,0,0,0,0,4,0,10,2,1,0,0,0,0,0,0,1,1,0,0,1,0,0,2,1,1,0,0,1,0,0,0,1,0,0,1,0,10,0,0,1,1,0,0,0,0,0,0,0,0,0,0,0,0,2,1,0
1,1,1,0,0,0,0,0,0,5,0,0,2,1,0,1,0,0,0,0,0,0,3,0,0,0,0,0,0,0,0,1,1,0,0,0,0,0,0,0,0,0,0,0,7,0,1,0,8,0,10,0,0,0,0,1,1,0,2,0,0,0,0,3,0,0,0,1,2,2,1,2,2,0,2,0,1,0,2,1,0,1,0,3,0,0,0,0,0,0,1,0,0,0,0,0,0,0,1,2
1,0,0,0,0,0,1,0,0,0,0,0,1,1,0,0,0,0,1,0,0,0,0,0,0,0,2,0,0,0,0,0,0,1,1,1,2,0,0,0,0,0,0,0,0,0,0,0,0,0,1,0,4,0,0,1,0,0,1,1,0,0,0,0,0,1,0,0,0,1,1,0,0,0,0,0,4,0,0,0,0,0,0,0,0,0,0,0,0,0,0,0,5,0,0,0,0,1,1,0
1,0,1,0,0,0,0,0,0,0,0,0,0,0,0,1,0,0,0,0,11,1,0,0,4,0,0,0,1,0,0,0,3,0,1,0,0,1,0,0,0,0,0,0,0,0,0,0,1,0,11,2,4,0,0,0,0,0,0,0,0,0,0,2,0,1,0,0,1,1,0,0,0,0,0,0,5,0,0,0,0,0,0,0,0,1,0,0,1,0,0,0,0,0,0,0,0,0,0,0
0,0,0,0,0,0,1,0,0,2,3,0,0,2,0,0,0,0,0,0,0,0,0,0,0,0,0,2,0,0,0,0,0,0,0,0,0,0,0,1,0,0,0,0,0,0,0,0,4,1,1,0,0,0,0,0,0,0,0,5,0,1,0,0,1,0,0,0,0,1,0,0,0,0,0,0,0,0,1,0,2,0,0,0,2,0,7,0,5,0,0,0,0,0,0,0,0,0,0,0
1,0,0,0,0,1,0,0,0,7,3,0,1,2,1,3,0,0,0,0,0,2,4,0,0,1,0,0,1,0,0,2,0,0,0,0,0,0,0,0,0,0,0,0,2,0,2,0,6,0,7,0,1,0,0,4,1,0,2,0,0,0,0,1,0,0,0,0,0,2,0,1,3,0,1,0,2,0,2,0,0,1,3,3,0,0,0,1,0,0,1,0,0,2,1,0,0,1,1,0
1,0,0,0,0,1,0,0,0,7,3,0,1,2,1,3,0,0,0,0,0,2,4,0,0,1,0,0,1,0,0,2,0,0,0,0,0,0,0,0,0,0,0,0,2,0,2,0,6,0,7,0,1,0,0,4,1,0,2,0,0,0,0,1,0,0,0,0,0,2,0,1,3,0,1,0,2,0,2,0,0,1,3,3,0,0,0,1,0,0,1,0,0,2,1,0,0,1,1,0
2,0,0,0,0,1,0,1,0,0,0,0,0,0,0,0,0,2,0,0,0,4,1,0,0,2,0,0,0,0,0,0,0,1,0,1,0,0,3,0,0,0,0,0,0,0,1,0,2,0,3,0,1,0,0,0,1,0,0,0,0,0,0,0,0,3,0,0,2,0,0,0,0,0,0,0,1,0,0,0,0,0,1,0,0,0,1,1,0,0,0,1,0,3,0,0,0,0,0,0
0,2,0,0,0,0,1,0,0,0,0,0,0,0,0,0,2,0,2,0,0,0,1,0,0,0,6,0,0,0,0,0,0,0,0,0,0,0,0,0,0,0,0,0,0,0,0,0,0,0,0,0,0,0,0,0,1,0,1,0,0,0,0,0,0,0,0,0,0,6,0,0,0,0,0,0,0,0,0,0,0,0,0,0,0,0,0,0,0,0,0,0,0,0,0,0,0,0,9,0
0,0,3,1,2,0,0,0,1,3,0,0,0,0,0,0,0,0,0,0,0,0,2,2,0,0,1,0,0,0,0,0,0,2,0,0,0,0,0,0,0,1,1,1,0,0,1,0,4,1,0,0,0,0,0,0,0,0,0,1,0,0,0,0,1,0,0,0,5,0,1,0,0,0,0,3,0,3,0,0,0,1,0,1,5,0,2,1,0,0,1,0,0,1,0,0,0,1,0,1
0,1,0,0,0,0,2,0,0,0,0,0,0,0,0,0,0,0,1,2,0,0,2,0,0,0,0,2,0,0,0,0,3,1,0,0,0,0,0,3,0,0,1,0,0,0,2,0,3,0,1,0,1,1,0,0,0,1,0,2,1,0,0,0,0,1,0,1,0,0,2,0,5,0,0,2,1,0,0,0,0,0,0,0,0,0,0,0,0,0,1,0,0,0,0,0,0,0,0,0
0,0,0,1,0,0,0,0,0,0,0,0,0,0,1,0,0,0,0,0,0,0,1,0,1,0,0,0,0,0,3,0,0,0,0,0,0,0,0,0,0,0,0,0,0,0,0,1,0,0,0,0,0,0,0,0,0,0,0,0,0,0,0,0,2,0,0,0,0,0,0,2,0,0,0,0,0,3,0,1,0,0,0,0,0,0,0,0,0,0,0,0,0,0,0,0,0,1,0,0
0,0,0,0,0,0,0,0,0,0,0,0,0,0,0,0,0,0,0,0,0,0,0,0,0,0,0,0,0,0,0,0,0,0,0,0,0,0,0,0,0,0,0,0,0,0,0,0,1,0,0,0,0,0,0,0,0,0,0,0,0,0,0,0,0,0,0,0,0,0,0,0,0,0,0,0,0,0,0,0,2,0,0,0,0,0,0,0,0,0,0,0,0,0,0,0,0,0,0,0
1,0,4,0,0,0,0,0,2,0,0,0,0,0,0,0,0,0,0,1,0,0,0,0,0,0,0,0,0,0,0,0,0,0,0,0,0,0,0,0,0,0,0,0,1,0,2,0,0,0,3,0,2,0,0,1,0,0,0,0,0,0,0,0,0,0,0,1,0,0,0,0,0,2,1,1,3,0,0,0,0,0,0,0,0,0,0,0,0,0,0,0,0,0,0,0,0,0,0,0
3,0,0,0,0,0,2,3,0,0,0,4,0,1,0,0,7,1,2,0,0,0,5,0,0,2,2,0,1,0,0,0,2,0,0,0,0,0,0,0,0,0,0,1,0,0,0,0,2,0,9,1,4,0,0,0,0,0,2,0,0,0,1,1,0,0,0,0,1,0,1,0,0,0,1,0,3,0,0,0,0,0,0,7,0,0,0,0,0,0,0,0,0,1,2,0,0,0,1,1
0,0,0,0,0,0,0,0,1,5,1,0,0,0,0,1,0,0,0,0,0,0,7,0,0,0,0,0,1,3,0,1,0,1,0,0,0,0,0,0,0,0,0,1,0,0,1,0,8,1,3,0,3,0,0,0,2,0,1,2,2,0,0,1,0,2,0,2,1,1,1,0,1,0,0,0,2,0,0,0,0,0,2,3,0,0,1,1,1,0,0,0,0,0,0,0,0,1,0,0
0,0,2,2,0,0,0,0,0,0,0,0,0,0,2,0,0,0,0,0,0,0,1,0,0,0,0,0,0,0,1,0,0,0,0,0,0,0,0,0,1,0,0,1,0,3,0,3,1,0,0,0,0,1,0,3,0,0,0,0,0,0,0,1,0,0,1,0,2,0,0,0,0,0,0,3,0,7,0,1,0,0,0,0,2,0,1,0,0,0,0,0,0,2,0,0,0,2,0,0
0,0,1,1,1,0,0,0,0,0,0,0,0,0,1,0,0,0,0,0,0,3,4,0,0,0,0,0,0,0,0,0,0,1,0,0,0,0,0,0,1,1,0,1,0,0,1,0,1,0,0,0,0,0,1,0,1,0,0,2,0,0,0,0,0,0,0,0,1,0,0,0,0,0,0,1,0,4,0,0,0,0,0,0,2,0,2,1,0,0,0,0,0,6,0,0,0,0,0,0
0,0,0,0,0,0,0,1,0,3,0,0,1,0,1,3,1,1,0,0,0,0,1,1,2,0,0,0,0,0,0,0,0,0,0,0,0,0,0,0,0,0,0,0,0,2,0,0,0,0,0,0,5,0,0,0,1,0,0,1,0,0,0,0,0,0,0,0,0,0,0,0,0,0,0,1,1,1,0,1,0,1,0,2,0,0,0,2,0,0,1,0,0,0,0,0,0,0,0,0
0,0,2,1,0,0,0,0,0,6,0,0,1,0,1,1,0,0,0,1,0,0,3,0,0,0,0,0,0,0,0,0,0,0,0,0,0,0,0,0,0,0,2,1,0,1,0,0,4,0,1,0,0,0,5,0,1,0,0,0,0,0,0,0,1,1,1,0,0,0,0,0,0,0,0,3,0,1,0,0,0,1,1,4,0,0,0,4,0,0,1,1,0,0,0,0,0,1,0,0
0,0,0,0,0,0,0,0,0,1,0,0,0,0,2,0,0,0,0,0,0,0,3,0,0,0,0,0,0,0,3,0,0,0,0,0,0,0,0,0,0,1,0,0,0,0,1,0,0,0,0,0,0,1,0,0,0,1,0,0,0,0,0,0,0,0,0,1,0,0,0,0,0,0,0,0,0,4,0,0,0,0,0,0,0,0,1,0,0,0,0,0,0,2,0,1,0,0,0,0
0,0,0,1,0,0,1,0,0,0,0,0,0,0,0,0,1,0,0,0,0,0,0,0,0,0,1,0,0,0,0,0,0,0,1,0,0,0,0,0,0,2,2,0,0,1,0,1,1,0,0,0,2,2,0,0,0,1,0,1,0,0,1,0,0,0,0,1,0,1,0,0,0,0,0,1,2,0,0,0,0,0,0,0,0,0,0,1,0,0,0,0,0,1,0,1,1,0,0,0
0,0,0,0,0,0,0,0,0,0,0,0,0,0,1,0,0,0,0,0,0,2,4,1,0,0,0,0,0,0,0,0,0,1,1,0,0,1,0,0,0,1,0,1,0,0,0,5,1,0,0,0,0,1,1,0,0,0,0,1,0,0,1,0,0,0,2,0,0,0,0,0,0,0,0,2,0,1,0,1,0,0,0,0,2,0,0,1,0,0,0,0,0,3,0,1,2,0,0,2
3,0,1,0,0,0,0,2,0,6,0,0,1,2,0,1,1,0,2,0,0,2,0,0,7,0,0,0,1,0,1,0,0,1,1,0,0,0,0,2,0,0,0,1,0,0,1,0,3,1,15,2,4,0,2,1,1,0,4,0,1,0,0,0,0,2,0,0,2,0,0,1,0,0,0,1,5,0,0,1,0,4,0,5,0,0,0,1,0,0,1,1,0,2,0,0,0,2,0,1
3,0,3,0,0,0,0,0,0,1,0,0,2,0,0,0,0,0,2,0,0,5,4,0,3,0,0,0,1,0,0,0,0,2,2,0,0,1,0,0,2,2,0,0,0,1,0,0,1,0,7,0,2,0,0,0,0,0,2,0,0,0,1,0,0,0,0,0,0,0,0,0,1,0,1,0,3,0,0,2,0,0,0,0,0,0,1,0,0,0,0,3,0,7,1,0,2,1,0,0
3,1,2,0,0,1,1,4,2,1,0,0,2,1,0,0,2,1,4,0,0,1,2,0,9,3,0,2,1,0,0,3,1,1,0,0,0,2,0,10,0,0,0,2,0,0,2,0,2,0,16,0,5,1,3,1,1,0,3,1,0,0,0,0,0,0,0,0,1,0,1,0,0,0,1,0,5,0,0,0,0,5,0,7,0,1,1,1,2,0,1,3,0,1,1,0,0,2,0,1
0,0,0,0,0,0,0,0,3,5,0,1,1,0,1,0,0,0,1,0,0,0,2,0,0,0,0,1,0,0,0,3,0,0,1,0,0,0,0,1,1,0,0,0,1,0,1,0,1,0,1,0,0,0,1,0,2,1,0,1,0,0,0,0,1,2,0,0,0,0,0,0,0,0,0,2,1,2,0,0,0,2,0,0,0,0,3,0,0,0,1,0,0,0,0,0,0,1,0,2
0,0,0,0,0,0,0,0,0,1,2,0,0,0,0,0,0,0,0,0,0,0,1,0,0,0,0,0,0,0,0,0,0,0,0,0,0,0,0,0,0,1,1,0,0,2,0,0,0,0,0,0,0,0,1,0,0,0,0,0,0,0,0,0,0,0,0,0,0,0,0,0,0,0,0,1,0,0,0,1,0,0,0,0,0,0,0,1,1,0,0,0,0,0,0,0,3,0,0,0
0,0,1,2,1,1,0,0,0,0,0,0,0,0,2,0,0,0,0,0,0,3,3,0,0,0,0,0,0,0,0,0,0,0,0,0,0,0,0,0,0,2,0,0,0,0,0,0,0,0,0,0,0,0,1,0,0,0,0,0,0,0,0,0,0,0,0,0,0,0,0,0,0,0,0,0,0,4,0,0,0,0,0,0,0,0,0,0,0,0,0,0,0,2,0,0,1,0,0,0
3,0,0,0,0,0,2,0,0,1,0,0,0,0,0,0,1,0,0,0,0,0,0,0,2,0,0,0,0,0,0,0,0,0,2,0,0,1,0,0,0,0,0,0,0,0,0,0,1,0,7,0,4,0,0,1,0,0,1,0,0,1,0,1,0,0,0,0,0,1,1,0,0,0,0,0,4,0,0,0,0,0,0,2,0,0,0,0,0,0,0,0,0,1,0,0,0,0,0,0
0,0,0,0,0,0,0,0,0,0,0,0,0,0,0,0,0,0,1,1,0,0,0,0,0,0,0,0,0,0,0,0,1,0,0,1,0,0,0,1,0,0,0,0,0,0,0,0,1,0,0,0,0,0,0,0,0,0,0,0,0,0,0,1,0,0,0,0,0,0,0,0,0,0,0,1,0,0,0,0,0,0,0,0,0,1,0,0,0,1,0,0,0,0,0,0,0,0,0,0
0,0,1,0,0,0,0,0,0,1,0,0,0,0,0,1,0,0,0,0,0,0,0,0,0,0,0,0,0,0,0,0,0,0,0,0,0,0,0,0,0,0,0,0,0,0,0,0,3,0,0,0,0,0,0,0,0,0,0,0,0,0,0,0,0,0,0,1,0,0,0,2,0,0,0,0,0,0,0,0,0,0,0,0,0,0,0,0,0,1,0,0,0,0,0,0,0,0,0,0
2,1,0,1,0,0,3,3,0,2,0,1,0,7,0,0,0,0,4,1,0,3,3,3,1,2,1,0,2,0,0,0,3,1,1,0,0,0,0,0,0,0,0,0,1,0,1,0,8,2,18,3,4,1,0,1,1,1,2,0,0,0,0,3,0,3,0,0,1,5,5,1,1,0,1,1,5,0,1,0,0,1,1,3,0,0,1,0,1,0,1,0,0,3,0,0,0,1,3,0
0,2,0,0,1,0,0,0,0,0,0,0,0,0,0,0,0,0,0,0,0,0,0,0,0,0,0,0,0,0,3,0,0,2,0,0,0,0,0,0,0,0,0,0,1,1,1,0,0,0,0,0,0,2,0,0,0,1,0,2,1,0,0,1,1,0,1,0,1,0,0,0,0,0,0,0,0,0,0,0,0,0,0,0,1,0,1,0,0,0,0,0,0,0,0,1,0,1,0,0
2,0,1,0,0,0,0,0,0,0,0,0,1,1,0,0,0,0,0,0,1,0,0,0,2,0,0,0,0,1,0,0,0,0,0,0,0,3,0,0,0,0,0,0,0,0,0,0,4,0,8,0,1,0,0,0,0,0,2,0,0,0,0,0,0,0,0,0,2,1,1,0,0,0,0,0,1,0,0,0,0,0,0,0,0,0,1,0,0,0,0,0,0,2,0,0,0,0,0,0
0,0,0,0,1,0,0,0,0,0,0,0,0,0,1,1,0,0,0,1,0,1,5,0,0,0,0,0,0,0,0,0,0,0,0,0,0,0,0,0,1,0,0,1,0,0,0,11,2,2,0,0,0,0,0,0,0,0,0,1,0,0,0,0,0,1,0,3,4,0,0,0,0,0,0,0,0,1,0,0,0,0,0,0,4,0,1,0,0,0,0,1,0,2,0,0,0,3,0,4
0,1,0,0,0,1,1,0,0,0,0,0,0,7,1,0,0,0,0,0,0,1,2,1,0,1,0,0,2,0,0,0,0,0,0,0,1,0,1,0,0,2,2,0,0,1,0,0,1,0,1,0,1,0,0,1,0,2,0,0,2,0,0,0,0,0,0,0,1,1,0,0,0,0,0,1,2,0,0,0,0,0,0,0,0,0,0,1,2,0,0,0,0,1,1,0,2,3,0,0
0,0,0,0,1,0,0,0,0,0,0,0,0,0,1,0,0,0,0,0,0,1,2,0,0,0,0,0,0,0,0,0,0,0,0,0,2,0,0,0,0,1,0,0,0,0,0,0,1,0,0,0,0,1,0,0,0,0,0,0,0,0,0,0,0,0,0,0,1,0,0,1,0,0,0,2,0,3,0,0,0,0,0,0,0,0,0,0,0,0,0,0,2,3,0,0,1,2,0,0
0,0,0,0,0,0,0,0,0,0,0,0,0,0,0,0,0,0,2,0,0,1,0,0,1,0,0,0,0,0,0,0,0,0,0,0,0,0,0,0,0,0,0,0,0,0,0,0,0,0,0,0,0,0,0,0,0,0,0,0,0,1,0,0,0,0,0,0,0,0,0,0,0,0,0,0,0,0,0,0,0,0,0,0,0,0,0,0,0,0,0,0,0,1,0,0,0,0,2,0
0,0,0,0,0,0,0,0,1,0,0,0,0,0,1,0,0,0,0,1,0,0,2,0,0,0,0,0,0,0,0,0,0,0,0,0,0,0,0,2,0,0,1,0,0,0,1,1,3,0,0,0,0,0,0,1,0,0,0,3,0,0,0,0,2,0,0,0,0,0,0,0,0,0,0,4,0,2,0,0,0,0,0,0,3,0,2,1,1,0,0,2,0,0,0,2,0,2,0,0
1,0,2,0,0,0,0,0,0,1,0,1,4,0,0,1,1,0,1,0,0,2,1,0,1,0,0,0,1,0,1,0,0,1,0,0,0,0,1,0,0,0,0,0,0,1,0,0,5,0,5,0,1,1,0,0,0,0,1,0,0,4,0,0,0,1,0,0,0,0,0,0,3,0,0,1,1,1,0,0,0,0,1,1,0,0,0,0,0,0,0,1,1,2,0,0,1,1,0,0
0,0,0,0,0,0,0,0,0,0,0,0,0,4,0,0,0,1,0,0,0,0,3,0,0,0,0,0,0,0,0,1,4,1,1,0,0,0,0,0,0,0,0,0,0,0,1,0,2,2,2,0,3,0,0,1,0,0,0,0,0,0,0,3,0,0,1,1,0,2,5,4,0,0,0,0,3,0,1,1,0,0,5,2,0,0,0,0,0,1,0,0,0,0,0,0,0,1,4,0
0,1,2,0,0,0,1,0,0,1,0,1,0,1,0,0,5,0,1,0,0,0,1,0,1,0,3,0,0,0,0,0,0,0,0,0,0,0,0,0,0,0,0,0,0,0,0,0,2,0,0,0,4,0,0,0,4,0,1,0,0,0,0,0,0,0,0,0,0,2,1,0,0,0,0,0,1,0,0,0,0,0,1,1,0,0,0,0,0,0,0,0,0,1,1,0,0,0,5,0
0,0,2,0,0,0,0,5,0,0,1,1,0,0,0,1,2,0,3,1,0,0,1,0,2,0,0,1,1,0,0,0,0,0,4,0,0,2,0,0,0,0,0,1,1,0,1,0,2,0,10,1,24,2,0,2,0,1,4,0,0,0,2,0,0,0,4,0,1,0,1,0,1,0,2,1,24,0,0,1,0,0,0,3,0,0,0,0,0,0,0,0,0,2,0,0,2,0,0,0
2,1,0,0,0,0,2,0,0,0,0,0,1,5,0,0,5,1,2,3,0,0,0,0,1,0,2,0,0,0,0,0,0,0,0,0,0,0,0,0,0,0,0,0,0,0,0,0,4,0,5,0,5,0,1,1,1,0,5,0,0,1,0,0,0,0,0,0,0,3,4,0,1,0,2,1,4,0,0,0,0,0,1,1,0,1,0,0,0,0,0,1,0,1,1,0,0,0,2,0
4,0,2,0,0,0,1,5,0,6,0,0,0,3,0,0,1,0,0,2,0,0,4,1,2,2,0,0,2,0,1,0,1,0,0,1,0,0,0,0,0,0,0,0,0,2,2,0,4,5,15,7,9,0,0,2,1,0,3,0,0,0,0,1,2,2,0,1,1,3,3,0,1,1,2,1,8,0,0,1,0,0,1,4,0,0,0,0,0,0,0,0,0,1,1,0,0,0,0,1
0,0,0,0,0,0,0,0,0,0,0,0,0,0,0,1,0,0,1,1,0,1,3,0,0,1,0,1,0,0,0,0,0,0,0,0,0,0,0,0,0,1,1,0,0,0,0,0,6,0,0,0,0,1,0,0,0,1,0,0,0,0,0,2,0,0,0,0,3,0,0,0,0,0,0,4,0,4,0,0,0,0,0,1,0,1,0,2,1,0,0,0,0,2,1,1,1,0,0,0
1,0,4,1,0,0,0,1,1,4,1,1,1,3,0,1,2,1,1,0,0,0,4,0,3,0,0,0,1,0,0,1,2,0,2,0,0,3,0,2,0,0,0,0,0,0,3,0,3,3,9,2,8,1,0,1,4,0,3,0,1,0,0,2,1,0,0,0,2,2,2,4,3,0,2,0,8,0,1,1,0,1,1,6,0,0,0,0,2,0,1,0,0,1,1,0,0,0,0,0
2,0,1,0,0,1,0,1,0,2,0,1,2,1,0,1,0,0,2,2,0,0,5,0,2,3,0,0,1,0,1,0,0,0,0,0,0,0,0,0,0,0,0,1,0,0,2,0,1,0,20,0,3,0,1,0,1,0,3,0,0,0,0,0,0,2,0,0,1,0,2,0,0,0,1,0,2,0,0,0,0,0,2,4,0,0,1,0,1,0,0,0,0,1,0,0,0,0,1,0
0,0,0,0,0,0,0,0,0,0,2,0,0,0,0,0,0,0,0,1,0,0,0,0,0,0,0,0,0,0,0,0,0,0,0,0,0,0,0,0,0,0,0,0,0,0,0,0,1,0,0,0,1,0,0,0,0,0,0,1,0,0,0,0,0,0,0,0,0,1,0,0,0,0,0,1,1,0,1,0,0,0,0,0,0,1,0,0,7,0,0,0,0,0,0,0,0,0,0,0
0,0,0,0,0,0,3,1,0,1,0,2,0,1,0,0,2,1,0,4,0,0,0,0,0,0,0,0,0,0,0,0,1,1,3,0,0,0,0,0,0,0,0,0,0,0,0,0,0,1,1,0,14,1,0,1,0,2,3,0,0,0,0,0,0,1,1,0,0,0,0,0,0,0,0,1,13,0,0,1,0,0,0,1,0,0,0,0,0,0,0,2,0,0,0,0,0,0,0,0
1,0,1,0,0,0,3,0,2,0,0,0,0,0,0,0,0,0,0,1,0,2,0,0,1,0,0,0,0,0,0,0,0,2,0,0,0,2,0,0,0,0,0,0,0,0,1,0,0,0,5,0,3,0,0,0,1,0,7,0,0,0,0,0,0,0,0,0,0,0,0,1,0,0,5,0,2,0,0,1,0,0,0,0,0,0,0,0,0,1,0,0,0,5,0,0,0,1,0,0
0,0,3,0,0,0,0,0,0,1,0,0,1,1,0,0,0,0,0,0,0,1,3,0,0,0,0,1,0,0,0,2,0,0,0,0,0,0,0,0,1,0,0,0,0,0,2,0,3,0,1,0,1,0,0,1,0,0,0,1,0,0,0,2,0,0,0,2,1,3,1,2,0,0,0,0,4,0,1,0,0,1,1,2,0,2,0,0,0,0,1,0,0,0,0,0,0,0,3,0
0,0,2,1,1,0,0,0,0,0,0,0,0,0,1,0,0,0,1,0,0,4,10,2,0,0,0,0,0,0,0,0,0,4,0,0,0,0,0,2,0,1,1,0,0,0,2,0,2,0,0,0,0,1,0,0,0,0,0,0,0,0,0,0,0,3,1,0,0,0,0,0,0,0,0,1,0,3,0,0,0,0,0,0,0,0,1,1,0,0,0,3,0,6,0,0,0,0,0,0
0,0,0,0,0,0,0,0,0,2,0,0,0,1,0,0,0,0,0,0,0,3,2,0,0,0,1,0,0,0,0,0,0,0,0,0,0,0,1,0,0,1,1,0,0,0,1,0,0,0,0,0,1,0,0,1,1,0,0,0,0,0,0,0,0,1,0,1,0,1,0,0,0,0,0,1,2,0,1,0,0,0,0,0,0,0,0,2,0,0,0,1,2,2,0,0,0,0,0,0
0,0,0,0,1,0,0,0,0,1,0,0,2,0,2,0,3,0,1,1,0,1,3,2,1,0,0,0,0,0,2,0,0,1,0,0,10,0,0,0,1,0,0,1,0,0,1,1,9,2,0,0,0,0,1,0,0,0,3,0,0,0,0,0,0,3,0,0,3,0,0,0,0,0,0,0,2,2,0,1,0,0,0,0,1,0,2,0,0,0,0,2,2,3,0,0,0,0,1,0
0,0,0,0,0,0,0,1,0,0,0,0,0,0,0,0,0,0,0,0,0,0,2,0,0,0,0,0,0,0,0,0,0,0,0,0,0,0,0,0,0,0,0,0,0,0,0,0,2,0,0,0,0,1,0,0,0,1,0,0,0,0,1,0,0,0,0,0,0,0,0,0,0,0,0,0,0,0,0,0,1,0,0,0,0,0,0,0,0,0,0,0,0,0,0,0,0,0,0,0
1,0,3,2,0,0,2,0,0,5,1,0,3,3,0,1,1,0,1,0,0,0,2,2,15,0,0,0,0,0,0,1,0,6,1,0,0,3,0,0,0,0,0,1,1,4,1,0,7,4,18,4,5,0,10,3,4,0,6,0,0,0,0,0,0,0,1,0,1,0,0,0,1,0,3,0,7,0,0,0,0,2,1,4,1,0,1,0,0,0,1,1,0,3,0,0,0,1,1,3
0,1,0,0,0,0,0,0,1,0,0,0,0,8,0,1,0,2,1,1,0,0,0,0,1,0,1,0,0,0,0,0,3,2,0,0,0,0,0,0,0,0,0,0,2,0,0,0,3,0,2,0,4,0,0,2,2,0,0,0,0,0,0,2,0,0,0,0,2,3,4,0,0,0,0,0,3,0,1,0,0,0,1,0,0,0,1,0,0,0,0,0,1,0,1,0,0,0,1,0
0,0,0,0,0,0,0,0,0,3,0,0,0,0,0,0,0,0,1,0,0,0,1,0,1,0,0,1,0,0,0,0,0,1,0,0,0,0,0,0,0,0,1,0,0,0,2,0,3,0,2,0,0,1,0,0,0,1,0,0,0,0,0,0,0,0,0,0,0,0,0,0,0,0,0,0,0,0,0,0,0,3,0,1,0,0,2,0,0,0,0,0,0,0,0,0,0,1,0,0
1,0,2,0,0,0,1,0,1,0,0,0,0,0,2,0,0,0,0,1,0,1,0,0,0,0,0,0,1,0,0,0,0,0,1,0,0,3,0,0,0,1,0,0,0,0,3,0,4,0,5,0,2,3,0,3,0,1,2,0,0,0,0,0,0,0,0,0,1,0,0,1,0,0,1,0,3,1,0,0,0,0,0,0,1,0,2,0,1,0,0,0,0,1,0,1,1,0,0,0
0,0,1,0,1,0,0,0,0,0,0,0,0,0,0,0,0,0,0,0,0,3,0,0,1,0,0,0,0,0,0,0,0,2,1,0,0,3,0,0,0,1,1,0,0,0,0,0,1,0,2,0,2,0,0,0,0,0,0,0,0,0,1,0,0,0,0,0,2,0,0,2,0,0,0,0,1,0,0,0,0,0,0,0,0,0,0,0,0,0,0,5,0,0,0,0,1,0,0,0
1,3,3,0,0,1,0,1,2,5,0,0,1,0,0,1,0,1,1,1,0,1,4,0,1,0,0,0,0,0,1,4,0,2,0,2,0,0,1,0,0,1,0,0,0,0,2,0,3,0,7,0,1,1,0,2,1,2,1,3,0,3,1,2,1,2,0,0,2,0,1,2,0,0,0,0,4,0,0,0,0,3,2,3,0,0,4,1,0,0,1,2,0,0,0,0,0,2,0,1
0,0,0,0,0,0,0,1,0,1,0,0,1,0,0,1,0,1,0,0,0,0,1,0,4,0,0,0,0,0,1,1,0,1,0,0,0,0,0,0,0,0,0,0,0,0,1,0,1,0,0,0,0,0,0,1,0,0,0,1,0,0,0,0,0,0,0,1,0,0,0,0,0,0,0,0,0,0,0,0,0,1,0,1,0,0,0,1,0,0,0,1,0,2,0,0,0,0,0,0
2,1,3,0,0,0,0,4,0,8,0,0,1,0,0,2,0,0,1,0,0,0,4,0,1,0,0,4,0,0,0,0,0,1,0,0,0,0,0,0,2,0,0,1,0,0,1,0,5,0,6,0,0,0,4,0,1,0,0,1,0,0,0,2,0,2,0,1,2,1,0,1,3,1,0,0,1,0,0,0,1,1,3,2,0,0,0,0,0,0,1,0,0,0,0,0,0,0,0,1
1,0,2,0,1,1,1,3,2,4,0,9,1,0,0,1,4,0,1,0,0,6,5,2,3,1,0,0,2,0,1,2,0,1,1,0,0,2,2,1,0,2,1,0,0,2,0,0,6,1,5,1,9,1,0,2,0,0,10,0,0,0,1,0,0,0,0,0,1,2,0,0,0,1,2,2,3,1,0,1,0,0,0,1,0,0,0,0,2,0,0,3,0,9,8,0,4,2,0,0
1,0,2,1,0,0,3,1,0,0,0,0,1,5,0,0,3,1,0,0,0,1,0,0,5,0,2,0,0,0,0,0,0,1,3,0,0,1,0,0,0,0,0,0,0,1,0,0,2,5,8,1,5,0,3,0,1,0,3,0,0,0,0,0,0,0,0,0,1,0,0,0,0,0,1,0,4,0,0,0,0,0,0,4,0,0,0,1,0,0,0,1,0,7,0,0,1,0,0,0
0,0,0,0,0,0,0,0,1,4,1,0,0,1,0,1,0,1,0,3,0,0,3,0,0,0,0,2,0,0,0,0,8,0,0,0,0,0,0,0,0,0,0,0,0,0,1,0,7,2,5,1,1,0,0,0,1,0,0,0,2,0,0,4,0,0,0,0,2,2,2,1,4,0,0,1,2,0,1,1,0,0,1,1,0,1,2,0,1,0,0,0,0,0,0,0,0,0,0,0
0,0,2,0,6,0,0,0,1,6,0,0,1,0,0,2,0,1,3,0,0,1,4,0,0,0,0,1,0,0,1,1,0,0,0,0,0,0,0,0,0,0,0,1,0,0,2,0,10,0,0,0,0,0,1,0,1,1,0,0,0,0,0,4,0,2,1,1,3,1,0,1,1,0,0,0,0,1,0,0,0,1,1,3,0,0,3,0,0,0,1,0,0,1,0,0,0,1,0,1
5,3,5,0,0,0,2,1,0,1,0,0,0,0,0,0,2,0,1,0,0,0,0,0,11,2,0,0,3,0,0,0,4,0,1,0,0,2,0,0,0,1,0,1,0,1,3,0,5,0,23,9,8,0,5,0,1,0,3,0,1,0,0,2,0,0,1,0,0,2,0,5,0,5,3,0,4,0,1,1,0,0,0,5,0,1,0,0,0,0,0,1,0,1,1,0,0,4,0,0
1,0,0,0,0,0,0,0,0,1,0,0,1,0,1,1,0,1,0,0,0,0,2,0,0,0,0,0,0,0,0,1,0,0,0,0,0,0,0,0,0,0,1,0,0,2,0,0,1,0,2,0,1,0,2,2,0,0,1,0,0,0,0,1,0,0,1,0,1,0,0,0,0,0,2,0,2,1,0,1,0,1,1,0,0,0,0,0,1,0,1,0,0,3,0,0,0,0,0,0
1,0,0,0,0,0,1,0,0,0,0,0,0,0,0,0,0,0,0,1,0,2,0,0,0,0,0,0,1,0,0,1,0,0,0,0,0,0,1,0,0,1,0,0,0,0,0,0,0,0,4,0,2,1,0,1,0,1,2,0,0,0,1,0,0,0,0,0,0,0,0,0,1,0,0,1,3,0,0,0,0,0,0,0,0,0,0,0,0,0,0,0,0,1,0,0,0,0,0,0
0,0,1,0,1,0,0,0,0,0,0,0,0,0,3,0,0,0,0,0,0,3,0,0,0,1,0,0,0,0,1,0,0,1,0,0,0,0,0,0,1,0,1,1,0,0,1,0,2,0,0,0,0,2,0,3,0,0,0,1,0,0,0,0,0,0,0,0,1,0,0,0,0,0,0,4,0,2,0,0,0,0,0,0,5,0,1,2,0,0,0,0,0,0,0,4,0,0,0,2
1,0,2,1,0,0,0,0,0,5,0,0,1,0,0,0,3,0,1,1,0,4,4,1,1,0,0,0,0,0,0,2,0,1,0,0,0,2,0,0,0,4,0,0,0,1,0,0,2,0,4,0,2,0,0,0,0,0,2,0,1,0,2,0,0,0,0,0,0,0,0,0,0,1,1,0,2,0,0,1,0,0,1,1,0,0,0,0,0,0,0,0,0,11,2,0,2,0,0,0
5,0,2,1,0,0,0,1,0,1,0,0,2,1,0,0,1,0,1,0,0,1,2,0,6,2,0,0,1,0,0,0,0,3,0,0,0,0,0,0,0,0,0,2,1,1,1,0,6,3,11,0,1,0,11,0,0,0,2,0,0,0,0,0,0,2,1,0,5,0,0,0,0,0,0,1,0,0,0,1,0,0,2,2,2,0,3,2,0,0,0,3,0,2,0,0,0,1,0,0
0,0,0,0,0,0,0,0,0,0,0,0,0,0,0,0,0,0,0,0,0,1,0,0,0,0,2,0,0,0,0,0,0,0,0,0,0,0,1,0,0,0,0,0,0,0,0,0,0,0,0,0,0,0,0,0,1,0,0,0,0,0,0,0,0,0,0,0,0,2,0,0,0,0,0,0,0,0,0,0,1,0,0,0,0,0,0,0,0,0,0,0,0,0,0,0,0,0,2,0
1,0,0,0,0,3,0,1,0,0,0,1,4,0,0,0,0,0,4,0,0,2,0,0,2,1,3,0,0,0,0,0,2,0,0,2,0,0,1,0,0,0,0,0,0,0,1,0,0,0,0,0,1,0,0,0,2,0,0,0,0,14,1,0,0,1,1,0,0,2,1,0,0,0,0,0,1,0,0,1,4,0,0,0,0,0,0,0,0,1,0,0,1,0,0,0,0,1,0,0
0,0,1,0,0,0,0,0,0,0,0,0,0,0,3,0,0,0,0,0,0,0,0,0,0,0,0,0,0,0,0,0,0,0,0,0,0,0,0,0,0,1,0,0,1,0,0,1,0,0,0,0,0,0,0,0,0,0,0,0,0,0,0,0,0,0,0,1,2,0,1,0,0,0,0,0,0,1,0,0,0,0,0,0,0,0,0,0,0,0,0,3,0,0,0,0,0,4,0,1
0,0,1,0,0,0,0,0,1,0,0,0,0,1,0,0,0,0,0,1,0,0,0,0,0,0,0,0,0,0,0,0,0,0,0,0,0,0,0,0,0,1,1,0,0,0,0,0,1,0,0,0,0,0,0,0,0,0,0,0,0,0,0,0,0,0,0,1,0,0,0,2,0,0,0,1,0,0,0,0,0,0,0,0,0,0,2,1,0,0,0,0,0,0,0,0,0,1,0,0
0,1,1,1,0,0,0,0,0,9,0,1,0,0,2,4,0,0,0,0,0,0,4,0,0,0,0,0,0,0,0,1,0,0,0,0,0,0,0,0,0,0,1,0,2,0,2,0,7,0,0,0,0,0,0,2,1,0,0,0,0,0,0,0,2,2,0,0,1,0,0,0,0,0,0,2,3,3,0,0,0,1,0,3,0,0,1,2,0,0,1,0,0,0,0,0,0,0,0,0
2,0,3,0,0,0,0,4,1,3,0,1,0,1,0,0,0,0,2,0,0,2,2,1,4,3,0,0,1,0,0,0,1,2,0,1,0,0,0,0,1,0,0,2,0,0,3,0,4,1,16,0,4,0,3,0,1,0,3,0,1,0,0,1,0,2,0,0,0,0,0,0,0,0,2,0,1,0,0,0,0,0,1,4,0,0,2,0,0,0,0,0,0,1,0,0,0,0,0,1
0,0,1,0,0,0,0,0,1,0,0,2,0,0,0,0,0,0,0,0,0,1,0,0,1,0,0,0,0,0,0,0,0,0,0,0,0,2,0,0,0,0,0,0,0,2,0,0,0,0,1,0,0,0,0,0,0,0,2,0,1,0,0,0,0,0,0,0,0,0,0,1,0,1,1,0,0,0,0,0,0,0,0,1,0,0,0,0,0,0,0,0,0,1,0,0,3,0,0,0
2,0,1,0,0,0,2,4,0,2,0,0,0,0,0,1,0,1,3,0,0,2,2,0,1,1,1,0,1,0,0,0,1,0,1,0,0,2,1,0,0,1,0,1,0,0,0,0,1,0,5,2,4,1,0,0,1,0,1,0,0,0,1,1,0,0,0,0,1,1,1,0,0,0,2,0,4,0,0,0,0,0,0,0,0,0,0,0,0,0,0,0,0,1,0,0,0,0,2,0
0,0,0,0,0,0,0,5,1,0,0,0,0,2,0,0,0,1,1,0,0,1,0,0,2,0,0,0,0,0,0,0,0,0,0,0,0,0,1,0,0,0,1,0,0,0,1,0,0,0,4,0,0,0,0,0,0,0,0,0,0,1,0,0,0,0,0,0,0,0,0,0,0,0,0,0,0,0,0,0,2,0,0,1,0,1,2,1,0,0,0,0,0,0,0,0,0,0,0,0
2,0,0,0,0,0,0,1,0,3,0,0,1,2,0,0,0,0,0,0,21,0,1,0,1,0,0,0,0,5,0,0,0,0,0,0,0,0,0,0,0,0,0,0,0,2,0,0,1,0,12,0,2,0,0,1,0,0,1,0,0,5,0,0,0,0,0,0,0,1,1,1,1,0,0,0,4,0,0,0,0,0,1,2,0,0,1,0,0,1,0,0,0,3,0,0,0,0,0,0
0,0,0,1,0,0,0,1,0,2,0,1,1,2,1,0,0,0,0,1,21,0,1,0,1,0,0,0,0,3,0,2,0,1,0,0,1,0,0,0,0,0,0,0,0,1,0,0,3,0,0,0,1,0,1,1,1,0,0,0,0,0,0,0,0,0,0,0,1,0,1,0,0,0,0,1,3,0,0,0,0,0,0,2,0,0,0,0,0,0,0,1,0,2,0,0,0,0,0,0
0,0,0,0,0,0,0,0,0,0,0,0,0,0,1,0,0,0,0,0,0,0,1,0,0,0,0,0,0,0,0,0,0,0,0,0,0,0,0,0,0,2,0,0,0,0,0,1,0,0,0,0,0,0,0,0,0,0,0,0,0,0,1,0,0,0,0,0,0,0,0,0,0,0,0,0,0,1,0,0,0,0,0,0,0,0,0,0,0,0,0,0,0,0,0,0,0,0,0,0
1,0,0,0,0,0,0,1,1,0,0,1,0,1,0,0,0,1,0,0,0,0,0,0,1,1,1,0,0,0,0,0,0,0,1,0,0,1,0,0,0,0,0,0,0,1,0,0,3,0,11,0,2,3,0,1,0,1,0,0,0,0,0,0,0,0,0,0,0,1,1,1,1,0,0,0,3,0,1,0,0,1,0,2,0,0,0,0,0,0,1,0,0,0,0,1,1,0,0,0
0,2,0,0,0,0,0,0,0,0,4,0,0,1,0,0,0,0,1,1,0,0,0,0,0,0,0,1,0,0,0,0,1,0,0,0,0,0,0,0,3,0,0,0,0,0,2,0,2,0,1,0,1,3,0,0,0,1,0,0,0,0,0,1,0,0,0,0,0,1,1,0,0,0,0,1,1,0,1,1,5,0,0,0,0,1,2,0,1,0,0,1,0,0,0,0,0,4,1,2
2,0,2,0,0,0,1,4,1,3,0,0,0,6,0,1,0,2,1,0,0,0,3,0,2,0,1,0,0,0,0,0,2,1,2,0,0,1,0,0,0,0,0,1,1,0,1,0,3,1,9,1,7,1,0,1,2,1,2,0,0,0,1,5,0,0,1,0,1,1,4,1,0,0,0,0,7,0,0,0,0,0,2,5,0,0,1,0,0,1,0,0,0,0,0,0,0,0,2,0
0,0,0,0,0,0,1,0,0,3,3,0,1,0,0,0,0,1,0,0,8,0,2,0,3,1,0,0,0,6,0,0,0,1,0,0,0,0,0,0,0,0,0,0,1,2,3,0,2,0,4,0,2,0,1,0,0,0,2,1,0,0,0,2,0,0,0,0,0,0,0,0,0,0,0,0,2,0,2,0,0,0,0,2,1,0,1,0,0,0,0,0,0,0,0,0,0,0,0,0
0,2,0,0,0,0,0,0,0,0,2,0,0,3,0,1,0,0,0,0,0,0,2,0,0,0,1,2,0,0,0,0,0,0,0,0,0,0,0,0,2,0,0,0,0,0,0,0,5,1,0,1,0,0,0,0,0,0,0,0,0,0,0,0,0,0,0,0,0,0,0,9,0,0,0,0,1,0,0,0,13,0,0,0,0,1,0,0,0,0,0,1,0,0,0,0,0,0,0,0
0,0,0,0,0,0,0,0,0,2,0,0,0,1,0,0,0,0,0,2,0,0,3,0,0,1,0,0,2,0,0,0,0,0,0,0,0,0,0,0,1,0,1,0,0,0,3,0,2,0,5,0,2,1,0,2,1,1,0,1,0,0,0,2,1,0,0,0,0,1,1,0,11,0,0,3,3,0,1,0,0,0,0,1,0,0,0,3,0,1,0,2,0,0,0,0,0,1,0,0
2,0,0,0,0,0,0,0,0,0,0,0,1,0,0,0,0,0,0,0,0,0,0,0,0,2,1,0,1,0,0,2,0,0,0,0,0,1,0,0,0,1,0,0,0,1,1,0,0,0,5,0,0,2,0,0,0,0,1,0,1,0,0,0,0,0,0,0,0,0,0,1,0,2,0,0,0,0,0,0,0,0,0,0,0,0,0,0,0,0,0,0,0,0,0,1,1,0,0,0
0,0,0,0,0,0,0,0,0,1,0,0,0,0,0,1,0,0,0,0,0,0,0,0,0,0,0,0,0,0,0,1,0,0,0,0,0,0,0,0,0,0,0,0,0,0,0,0,5,0,0,0,0,0,0,0,0,0,0,1,0,0,0,0,0,0,0,0,1,0,0,1,0,0,0,0,0,0,0,0,0,0,0,2,0,0,0,1,0,0,0,0,0,1,0,0,0,0,0,0
0,0,0,0,0,1,0,0,0,0,0,0,0,0,0,0,0,0,0,0,0,1,0,0,1,0,0,11,0,0,0,0,0,0,0,0,0,1,0,0,0,0,0,1,0,0,2,0,1,0,0,0,0,0,0,0,0,0,0,0,0,0,0,1,0,0,1,1,0,0,0,0,0,0,0,0,1,0,0,0,0,0,0,0,0,5,0,2,1,0,0,0,0,0,0,0,0,0,1,0
1,0,0,0,0,0,1,0,0,0,3,0,0,0,0,0,0,0,0,1,0,0,1,0,0,0,0,0,0,0,0,0,0,0,0,0,0,0,0,0,0,0,0,0,0,0,0,0,4,0,2,0,0,0,0,0,0,0,0,0,0,0,0,0,0,0,0,1,1,1,0,2,0,0,0,2,0,0,1,0,0,0,0,0,0,0,0,0,3,0,0,0,0,0,0,0,0,0,1,0
0,1,0,0,0,2,0,0,4,0,0,0,0,0,0,0,0,0,0,0,0,3,1,0,0,1,1,1,0,0,1,0,0,0,0,2,0,0,1,1,1,0,0,0,0,0,0,0,0,0,0,0,0,0,0,0,0,0,0,0,0,1,1,0,0,4,0,3,0,1,0,0,0,0,1,0,0,0,1,0,0,1,0,0,0,1,0,0,0,0,0,0,2,1,0,0,0,0,0,1
0,0,0,0,0,0,1,0,0,0,0,0,0,3,0,0,0,1,0,0,46,0,0,0,0,0,0,0,0,13,0,0,0,0,0,0,0,0,0,0,0,0,0,0,0,2,0,0,1,0,2,0,2,0,0,0,1,0,0,1,0,0,0,0,0,0,0,0,0,0,0,0,0,0,0,0,5,0,0,1,0,0,0,1,0,0,0,0,0,0,0,0,0,1,0,0,0,0,0,0
0,0,0,0,0,0,0,0,0,0,0,0,0,0,0,0,0,0,0,0,0,0,0,0,0,0,0,0,0,0,0,0,0,0,0,0,0,0,0,0,0,0,0,0,0,1,0,0,0,0,0,0,0,0,0,0,0,0,0,0,1,0,0,0,0,0,0,0,0,0,0,0,0,0,0,0,0,0,0,0,0,0,0,0,0,0,0,0,0,0,0,0,0,0,0,0,0,0,0,0
0,1,0,0,0,0,0,0,1,0,0,0,0,0,0,0,0,1,0,0,0,0,0,0,0,0,0,0,0,0,0,0,4,0,0,0,0,0,0,0,0,0,0,0,0,0,0,0,3,0,1,0,1,0,0,0,2,0,0,0,0,0,0,1,0,0,0,1,0,1,1,0,1,0,0,1,1,0,0,0,0,0,0,0,0,1,1,0,0,0,0,0,0,0,0,0,0,0,0,0
0,0,1,0,0,0,0,0,2,1,0,0,0,1,0,0,0,0,0,2,0,0,1,0,0,0,0,0,0,0,1,0,0,1,0,0,0,0,0,1,0,0,0,0,0,0,1,0,6,0,0,0,0,0,0,0,0,0,0,0,0,0,0,2,0,0,0,0,3,0,0,0,0,0,0,2,0,0,0,0,0,0,1,2,0,0,3,0,0,0,0,0,0,0,0,0,0,1,0,0
1,0,0,0,0,0,0,0,0,0,0,0,0,0,0,0,0,0,0,0,0,0,0,0,0,0,0,0,0,0,0,0,0,0,0,0,0,0,0,0,0,0,0,0,0,0,0,0,0,0,1,0,0,0,0,0,0,0,0,0,0,0,0,0,0,0,0,0,0,0,0,0,0,0,0,0,0,0,0,0,0,0,0,0,0,0,0,0,0,0,0,0,0,0,0,0,0,0,0,0
0,0,1,0,1,0,0,0,0,0,0,0,0,0,0,0,0,0,0,0,0,1,0,0,0,0,0,0,0,0,1,0,0,0,0,0,0,0,0,0,0,0,0,0,0,0,0,0,0,0,0,0,0,0,0,12,0,0,0,1,0,3,0,1,0,0,0,0,0,0,0,0,0,0,0,0,0,0,0,0,0,0,0,0,0,0,0,1,0,0,0,0,0,0,0,0,0,0,0,0
0,0,0,0,0,0,0,0,0,0,0,0,0,0,0,0,0,0,0,0,0,0,0,0,1,0,1,0,0,0,0,0,0,0,1,1,0,0,0,0,0,0,0,0,0,0,0,0,0,0,0,0,2,0,0,1,2,0,0,0,1,0,0,0,0,1,0,0,0,2,1,0,0,0,0,0,2,0,1,0,5,0,0,0,0,0,0,0,0,0,0,0,2,0,0,0,2,0,2,0
0,0,2,0,0,0,0,0,0,2,0,0,0,1,0,1,0,0,0,1,0,0,0,0,0,0,1,3,0,0,0,0,0,1,0,1,0,0,0,0,2,0,0,0,1,0,1,0,1,2,0,0,0,0,0,0,0,0,0,0,0,0,0,0,3,0,1,0,0,1,0,3,0,0,0,1,0,0,1,0,0,0,0,0,0,2,0,0,0,0,0,0,0,0,0,0,0,3,1,2
0,0,0,0,0,1,0,1,0,0,0,0,0,0,0,0,0,1,1,0,0,5,0,0,0,1,1,0,0,0,0,0,0,0,0,0,0,0,1,0,0,0,0,0,0,0,0,0,0,0,0,0,0,0,0,0,0,0,0,0,0,1,2,0,0,0,0,0,0,0,0,0,0,0,0,0,0,0,0,0,0,0,0,0,0,0,0,0,0,0,0,1,0,1,0,0,0,0,0,0
1,0,0,0,0,0,0,0,0,0,0,0,0,0,0,0,0,0,0,0,0,0,0,0,1,0,0,0,0,0,0,0,1,0,0,0,0,0,0,0,0,0,0,0,1,0,0,0,1,0,5,0,1,0,0,0,0,0,1,0,0,0,0,0,0,0,1,0,0,0,0,0,0,0,0,0,1,0,0,0,0,0,0,1,0,0,0,0,0,0,0,0,0,0,0,0,0,1,0,0
4,0,1,1,0,0,0,0,0,1,0,0,2,0,0,0,1,0,0,1,0,0,1,0,3,0,0,0,0,0,0,0,0,0,2,0,3,0,0,0,0,0,0,0,0,1,1,0,1,0,8,0,4,0,12,2,0,0,3,0,0,0,0,0,0,0,0,0,0,0,0,0,0,0,1,0,2,0,0,0,0,1,1,2,0,0,0,1,0,0,1,0,0,1,0,0,0,0,0,0
0,0,0,1,0,0,0,0,0,0,0,0,0,0,2,0,0,0,0,0,0,0,2,0,0,0,0,0,0,0,0,0,0,0,0,0,0,0,0,0,0,0,0,0,0,0,0,0,0,0,0,0,0,1,1,0,0,0,0,1,0,0,0,0,0,0,0,1,0,0,0,0,0,0,0,0,0,1,0,0,0,0,0,0,2,0,0,0,0,0,0,1,0,0,0,0,0,0,0,0
2,0,1,0,0,0,0,0,0,2,0,0,1,0,0,0,0,0,0,0,2,0,0,0,1,1,0,0,1,0,0,0,0,1,0,0,0,0,0,0,0,0,0,0,1,0,0,0,0,1,6,1,2,0,0,0,0,0,1,0,0,0,0,0,1,0,0,0,0,0,0,0,0,0,1,0,2,0,0,0,0,0,0,1,0,0,0,0,0,0,0,0,0,2,0,0,0,0,0,0
1,0,0,1,0,2,0,0,0,0,0,0,0,1,0,0,0,0,1,1,0,8,0,0,1,0,1,0,0,0,0,0,0,1,0,0,0,0,5,0,0,0,0,0,0,0,0,0,1,0,0,0,1,0,0,0,1,0,0,0,0,1,0,0,0,1,0,0,0,0,0,0,0,0,0,0,0,0,0,0,0,0,0,0,0,0,1,0,0,0,0,1,2,1,0,0,0,1,0,0
1,0,1,0,0,0,0,0,0,0,0,0,0,1,0,0,0,1,1,0,0,7,0,0,1,0,0,0,0,0,0,0,0,1,0,0,0,1,3,0,0,0,0,0,0,0,0,0,0,0,3,2,2,1,1,0,0,1,2,0,0,1,1,0,0,0,0,0,0,0,0,0,0,0,0,0,2,0,0,0,0,0,0,0,0,0,0,1,0,0,0,5,0,1,0,0,0,0,0,0
1,0,4,0,1,0,2,0,0,0,0,0,1,0,1,0,3,0,0,0,0,1,5,0,0,2,1,0,3,0,5,0,0,0,2,0,0,7,0,0,0,2,0,0,2,0,1,1,2,0,9,2,5,1,0,0,0,1,4,3,1,0,1,0,0,0,0,0,0,0,0,3,0,11,22,1,7,0,0,1,0,0,0,2,3,0,0,0,0,0,0,5,2,7,2,6,3,0,0,0
0,0,1,0,0,0,0,0,0,0,0,0,0,2,0,0,0,0,0,0,0,0,1,0,0,0,0,0,0,0,0,0,0,0,0,0,0,0,0,0,0,0,0,0,0,0,1,0,0,0,0,0,0,0,0,0,0,0,0,0,1,0,0,0,0,0,0,1,1,0,2,3,0,0,0,0,0,0,0,0,0,0,1,0,0,0,0,0,0,0,0,0,0,0,0,0,0,1,0,0
0,0,0,0,0,0,0,0,0,0,0,0,0,0,1,0,0,0,0,0,0,0,1,0,0,0,0,0,0,0,0,0,0,0,0,0,0,0,0,0,0,0,0,0,0,0,0,1,0,0,0,0,0,0,0,0,0,0,0,0,0,0,0,0,0,0,0,1,0,0,0,1,0,0,0,0,0,1,0,0,0,0,0,0,0,0,0,0,0,0,0,0,0,0,0,1,0,0,0,0
0,0,2,2,0,0,0,0,0,0,0,0,0,0,1,0,0,0,0,0,0,2,5,0,1,0,0,0,0,0,1,0,0,0,0,0,0,3,1,0,0,0,0,0,0,0,0,0,0,0,4,0,1,0,3,0,0,1,1,0,0,0,0,0,0,0,0,0,1,0,0,1,0,0,1,0,1,6,0,1,0,0,0,1,0,0,0,0,0,0,0,0,0,2,0,2,1,0,0,0
1,1,3,0,0,0,1,1,0,3,0,0,0,5,0,0,0,1,1,0,0,0,3,0,0,0,4,0,0,0,0,0,1,0,1,1,0,0,0,0,0,0,0,0,4,0,2,0,2,0,4,0,6,0,0,1,7,0,3,1,0,0,0,1,0,0,1,0,0,2,3,3,0,0,0,0,3,0,0,1,0,0,1,1,0,0,1,0,0,0,0,0,0,0,0,0,0,0,5,0
1,1,0,0,0,0,0,0,0,2,0,4,0,1,0,0,0,0,1,2,0,1,0,0,0,0,0,0,0,0,0,1,0,0,0,0,0,0,0,2,0,0,0,0,0,0,0,0,0,0,1,0,2,0,0,1,2,0,1,0,0,0,0,0,0,1,0,0,0,0,0,0,0,0,0,0,3,0,0,0,0,1,0,0,0,0,1,0,0,0,0,2,0,0,0,0,0,0,1,0
2,0,0,0,0,0,0,0,1,0,1,2,0,0,0,0,0,0,0,0,0,0,0,0,0,0,0,0,0,0,0,0,1,0,0,0,0,0,0,0,0,0,0,0,0,1,1,0,2,0,0,0,1,0,1,2,0,0,0,0,0,0,0,0,0,0,0,0,0,0,1,0,1,0,0,0,2,0,0,0,0,0,1,0,0,0,1,0,2,0,0,0,0,0,0,0,0,0,1,0
0,0,0,0,0,0,0,0,0,0,0,0,0,0,0,0,0,0,0,0,6,0,0,0,0,0,0,0,0,1,0,0,0,0,0,0,0,0,0,0,0,0,0,0,0,0,0,0,0,0,0,0,0,0,0,0,0,0,0,0,0,0,0,0,0,0,0,0,0,0,0,0,0,0,0,0,0,0,0,0,1,0,0,0,0,0,0,0,0,0,0,0,0,0,0,0,0,0,0,0
0,1,0,0,0,0,0,0,3,3,5,0,0,1,0,2,0,1,0,1,0,0,6,0,0,1,0,1,0,0,0,2,1,2,0,0,0,0,0,0,2,0,0,0,1,0,9,0,5,0,3,0,0,0,0,0,0,0,0,0,4,0,0,2,1,1,3,0,0,2,2,0,1,0,0,2,0,0,3,0,0,0,1,2,0,1,4,0,6,0,0,1,0,0,0,0,0,4,0,1
0,0,2,0,0,0,0,0,0,8,0,0,2,0,0,1,0,0,0,0,0,1,6,0,0,1,0,0,0,0,1,1,0,1,0,0,0,0,0,0,0,0,0,1,0,0,3,0,16,2,0,0,0,0,0,0,1,0,0,1,1,0,0,0,6,1,1,0,1,0,0,0,0,0,0,0,2,0,0,0,0,0,3,1,2,0,2,0,0,0,0,0,0,0,0,0,0,0,0,1
1,0,1,0,0,0,0,0,0,2,0,0,0,0,0,0,0,0,0,0,0,0,0,0,0,0,0,0,0,0,0,1,0,1,0,0,0,0,0,0,1,0,0,0,0,0,1,0,3,0,6,1,1,1,0,1,1,2,3,1,0,0,0,2,0,0,0,0,0,0,0,0,0,0,0,0,2,0,0,0,0,1,0,2,1,0,0,0,0,7,1,0,0,0,0,0,0,2,0,0
0,0,1,0,0,0,0,0,0,0,0,0,0,0,0,0,0,0,0,0,0,0,0,0,0,0,0,0,0,0,0,0,0,0,0,0,0,0,0,0,0,1,0,0,0,0,0,0,0,0,0,0,0,2,0,0,0,1,0,0,0,0,1,0,0,0,0,0,0,1,0,2,0,0,0,0,0,0,1,0,0,0,0,0,0,1,0,0,0,0,0,1,0,0,0,0,0,0,0,0
0,0,0,0,0,1,0,0,0,0,0,0,1,0,0,0,0,3,0,0,0,0,0,0,5,0,4,0,0,0,0,0,5,0,0,2,0,0,0,0,0,0,0,1,0,0,0,0,1,0,0,0,0,0,0,0,0,0,0,0,0,17,1,0,1,1,1,0,1,2,1,0,0,0,0,0,0,0,0,0,0,0,0,0,0,0,0,0,1,1,0,0,1,0,0,0,0,0,0,0
0,0,0,0,0,1,0,0,0,0,0,0,0,0,0,0,0,0,1,0,0,3,1,0,1,0,1,1,0,0,0,1,1,0,0,0,0,0,2,0,0,0,0,0,1,1,1,0,3,0,2,0,4,1,0,1,0,1,2,2,0,0,0,1,0,0,0,0,1,2,2,1,0,0,1,0,3,0,2,0,0,0,1,0,0,0,2,0,1,0,0,0,0,3,0,0,1,0,0,0
0,0,0,1,11,0,0,0,0,1,0,0,0,0,1,2,0,0,0,0,0,0,2,0,0,0,0,0,0,0,0,0,0,2,0,0,0,0,0,0,0,1,1,1,0,0,5,0,3,1,1,0,0,5,0,0,0,0,0,1,0,0,0,0,0,3,0,6,1,0,0,0,0,0,0,4,0,2,0,1,0,0,3,0,3,0,2,9,0,1,0,1,0,6,0,5,0,1,0,1
0,0,0,0,0,0,0,0,0,0,0,0,0,0,0,0,0,0,0,0,0,0,0,0,0,0,0,4,0,0,0,0,0,0,0,0,0,0,0,0,0,0,0,1,0,0,0,0,2,0,0,0,0,0,0,0,0,0,0,0,0,0,0,0,0,0,0,0,0,3,0,0,0,0,0,0,0,0,1,0,0,0,0,0,0,2,0,6,0,0,0,1,0,0,0,0,0,1,1,0
0,0,0,0,0,0,0,0,0,0,0,0,0,0,1,0,0,0,1,0,0,2,0,0,0,0,1,0,0,0,0,0,0,0,0,0,0,0,3,0,0,1,0,0,0,0,0,0,0,0,0,0,0,1,0,0,0,1,0,0,0,1,2,0,0,1,0,0,0,0,0,0,0,0,0,1,0,0,0,1,0,0,0,0,0,0,0,0,0,0,0,0,1,0,0,0,0,1,0,0
2,0,0,0,0,0,1,1,1,2,0,1,0,1,0,0,2,0,0,2,0,0,2,0,2,0,0,0,0,0,0,0,0,0,1,0,0,1,0,0,0,0,0,0,0,1,1,0,3,0,9,0,6,0,0,1,0,0,3,0,0,0,0,1,0,0,0,0,1,0,1,3,0,0,1,1,9,0,0,0,0,1,1,1,0,0,0,0,1,0,1,1,0,1,0,0,2,0,1,0
2,0,0,0,0,0,1,1,0,1,0,0,0,1,0,0,0,0,0,0,0,0,3,0,0,0,1,0,1,0,0,1,2,0,1,0,0,0,0,0,0,0,0,0,0,0,0,0,2,0,5,0,3,0,0,1,0,1,2,1,0,1,0,2,0,0,0,1,0,4,2,0,0,0,1,1,3,0,1,1,0,0,1,1,0,1,0,0,2,1,0,0,0,0,1,0,0,0,1,0
0,0,0,0,0,0,0,0,0,0,0,0,0,0,0,0,0,0,0,2,0,0,0,0,0,1,0,0,0,0,0,0,0,2,0,0,0,1,0,0,2,0,1,0,0,0,0,9,1,0,0,0,0,0,0,3,0,0,0,2,0,0,0,0,1,1,1,2,0,0,0,0,0,0,0,7,0,0,0,0,0,0,0,0,3,0,0,2,0,0,0,3,0,1,0,0,1,1,1,0
0,0,0,0,0,0,0,0,0,0,0,0,0,0,0,0,0,0,0,0,0,3,1,1,0,0,0,0,0,1,4,0,0,0,0,0,0,0,0,0,0,0,0,0,0,0,0,0,2,0,0,0,0,0,0,0,0,0,0,0,0,0,0,0,0,2,0,0,1,0,0,2,0,0,0,0,0,0,0,0,0,0,0,0,0,1,0,0,0,0,0,0,0,0,0,0,0,0,0,0
0,0,1,0,0,0,1,2,2,3,0,0,0,2,0,0,0,1,0,2,0,0,1,0,0,0,0,0,0,0,0,0,0,0,1,0,0,0,0,0,1,0,0,0,0,0,2,0,6,0,3,0,1,0,1,1,0,1,2,1,1,0,0,3,1,0,0,2,1,1,4,0,0,0,0,1,3,0,0,0,0,1,1,0,0,0,3,0,1,0,1,0,0,1,0,0,0,0,0,0
0,0,0,2,0,0,0,0,2,0,2,0,0,1,0,0,0,0,1,1,0,12,3,0,0,0,1,0,0,0,0,1,1,2,0,0,0,0,0,0,1,0,0,0,0,0,0,0,4,0,2,0,0,0,2,0,1,0,0,1,0,0,2,1,0,0,0,0,0,0,1,0,1,0,0,1,0,0,0,1,2,1,0,0,0,0,2,1,0,0,0,3,1,2,0,0,0,2,0,0
5,0,0,0,0,0,0,0,0,0,0,0,0,0,0,0,0,1,0,0,0,4,0,0,5,1,0,0,0,0,0,0,0,0,0,0,0,0,0,0,0,0,0,0,0,0,0,0,0,0,6,0,3,0,2,0,1,0,2,0,0,0,1,0,0,0,0,0,0,0,0,0,0,0,0,0,1,0,0,0,0,0,0,1,0,0,2,0,0,0,0,0,0,1,0,0,0,0,0,0
0,0,0,0,0,0,0,0,0,0,0,0,0,1,0,0,0,0,0,2,0,0,1,0,0,0,0,1,0,0,0,0,1,1,0,0,0,0,0,0,1,0,0,0,0,0,1,0,1,0,0,0,0,0,0,0,0,0,0,1,0,3,0,0,0,0,0,0,0,0,0,1,0,0,0,2,0,0,0,0,0,0,0,0,0,0,0,0,0,0,0,1,0,0,0,0,0,2,0,0
0,0,2,0,0,0,0,0,1,0,0,0,0,7,0,0,0,1,0,0,0,0,5,0,0,0,1,0,0,0,0,2,2,3,0,0,0,0,0,1,0,0,0,0,3,0,0,0,6,0,2,0,3,1,0,0,0,0,0,0,2,0,0,3,0,0,1,3,1,3,3,0,0,0,0,0,4,0,1,0,0,0,2,1,1,1,0,0,0,0,0,1,0,0,0,0,0,2,2,0
0,0,0,0,0,0,0,0,0,3,1,0,0,0,0,1,0,0,4,1,0,1,3,0,0,0,0,4,0,0,0,4,1,0,0,0,0,0,0,0,2,0,0,0,0,0,3,0,2,0,1,0,1,0,0,1,0,0,0,0,0,0,0,2,0,0,0,1,0,1,0,1,0,0,0,0,3,0,1,1,0,1,1,1,1,4,0,0,1,0,1,0,0,0,0,0,0,0,0,0
0,0,1,0,0,0,0,0,0,0,0,0,0,0,1,0,0,0,0,1,0,0,0,0,0,0,0,0,0,0,0,0,0,0,0,0,0,0,0,0,0,0,0,0,0,0,0,0,0,0,0,0,0,1,0,1,0,1,0,0,0,0,0,0,0,0,1,0,0,1,0,4,0,1,0,1,1,0,1,0,0,0,0,0,0,0,0,0,0,0,0,0,0,0,0,0,0,1,1,0
0,0,0,0,0,1,0,0,0,0,0,0,0,1,0,0,0,0,0,0,0,0,0,0,0,0,0,3,0,0,0,0,0,0,0,0,0,0,0,0,0,0,0,1,0,0,1,0,1,0,0,0,2,0,0,0,0,1,0,0,0,0,0,0,0,0,0,0,1,2,1,0,0,0,0,0,2,0,0,0,0,0,0,0,0,0,0,0,0,0,0,0,0,0,0,0,0,0,1,0
0,0,0,0,0,8,1,0,0,0,0,2,0,0,0,0,0,0,0,0,0,13,0,0,3,0,0,0,0,0,0,0,0,1,0,0,6,0,3,0,0,0,0,0,0,0,0,0,0,0,0,0,0,0,1,0,0,0,0,0,0,0,1,0,0,0,0,0,0,1,0,0,0,0,0,0,0,0,0,0,0,0,0,0,0,0,0,0,0,0,0,2,2,0,0,0,0,1,0,0
1,0,1,0,0,0,0,0,0,1,1,0,0,2,0,0,2,1,0,0,0,1,1,0,0,0,0,0,1,0,0,0,2,0,3,0,0,1,0,0,0,0,0,0,0,0,0,0,3,0,8,0,2,0,0,1,1,0,1,0,0,0,1,1,0,2,0,0,1,2,1,0,2,0,0,0,3,0,0,0,4,0,0,2,0,0,0,0,0,0,0,0,1,2,0,0,1,0,0,0
0,0,0,0,0,0,0,0,0,0,0,0,1,0,0,0,0,0,0,0,0,0,0,0,0,0,0,0,0,0,0,0,0,0,0,0,0,0,0,0,0,0,0,0,0,0,0,0,2,0,0,0,0,0,0,0,0,0,0,1,0,0,0,2,1,0,0,0,0,0,0,0,0,0,0,0,0,0,0,0,0,0,0,0,0,0,0,0,0,0,0,0,0,0,0,0,0,0,0,0
0,0,0,0,0,2,1,0,0,0,0,0,0,1,0,0,0,0,0,0,0,0,0,0,0,0,2,0,0,0,0,0,0,0,1,1,0,0,0,0,0,0,0,1,0,0,0,0,1,0,4,0,6,3,0,1,1,1,0,0,0,0,0,1,0,0,0,1,0,0,0,1,0,0,0,0,5,0,0,0,0,0,0,0,0,0,0,1,0,0,0,1,0,0,0,0,0,0,1,0
1,0,1,0,0,0,1,0,0,0,0,0,0,7,0,0,6,1,0,2,0,1,1,1,2,0,0,0,1,1,0,0,0,0,1,1,0,0,0,0,0,0,0,0,0,0,1,0,5,2,9,2,10,0,0,1,0,0,3,0,0,0,0,0,0,0,0,0,0,0,4,0,0,0,0,1,12,0,0,1,0,1,1,6,0,0,0,0,1,0,1,0,0,5,0,0,1,1,0,0
0,1,0,0,0,0,0,0,0,0,0,1,0,0,0,0,0,0,0,1,0,0,2,0,0,0,0,5,0,0,0,0,0,0,0,0,0,0,0,0,0,0,0,0,0,0,1,0,2,1,1,0,0,0,0,0,0,0,0,0,0,0,0,1,0,0,1,0,0,2,2,1,0,0,0,1,0,0,1,0,0,1,1,0,0,2,0,1,0,0,0,0,0,0,0,0,0,0,0,0
0,0,0,0,0,0,1,0,0,0,0,2,0,0,1,0,0,0,0,0,0,0,1,0,0,0,0,0,0,0,1,0,0,0,0,0,0,0,0,0,0,1,1,0,0,0,0,0,0,0,0,0,0,0,0,0,0,0,0,0,0,0,0,0,0,0,0,1,0,0,0,0,0,0,0,1,0,1,0,0,0,0,0,0,0,0,0,1,0,0,0,0,0,1,0,0,1,0,0,0
0,1,0,0,0,5,1,0,1,1,1,0,0,1,0,0,1,0,6,0,0,0,2,1,2,1,0,0,0,0,0,2,0,0,0,0,0,0,0,0,1,0,1,0,5,0,0,0,0,0,1,0,1,0,0,4,0,0,0,0,0,0,0,0,0,0,4,0,0,2,3,0,0,0,0,0,1,0,0,0,0,2,0,2,0,0,1,0,0,0,1,0,0,0,0,0,1,1,0,0
0,0,0,0,0,0,0,0,1,0,1,0,0,2,0,0,0,0,0,0,0,1,2,0,0,1,0,0,0,0,0,0,1,0,1,0,0,0,0,1,0,0,0,0,0,0,1,0,4,0,0,0,2,1,0,0,0,1,1,0,3,1,0,1,0,0,1,0,1,1,0,0,0,0,0,0,2,0,1,0,0,0,0,0,0,0,2,0,2,0,0,0,0,0,0,0,0,0,0,0
0,0,0,4,0,0,0,0,1,0,0,0,0,0,1,0,0,0,0,0,0,1,3,0,0,0,0,0,0,0,0,0,0,1,0,0,0,0,0,2,1,1,0,0,0,0,0,0,0,0,0,0,0,2,4,0,0,0,0,0,1,0,0,0,0,0,2,2,0,0,0,0,0,0,0,3,0,3,0,0,0,0,0,0,0,0,0,1,0,0,0,0,0,2,0,4,0,3,0,1
0,0,1,0,0,0,0,0,1,12,4,0,1,1,0,2,0,0,1,0,0,0,8,9,0,0,0,0,0,0,0,1,0,2,0,2,0,0,0,0,0,0,0,0,2,0,3,0,10,2,3,0,0,0,0,1,3,0,0,0,4,0,0,1,2,2,0,0,3,0,0,0,2,1,0,0,0,0,0,1,0,3,0,5,0,0,2,0,2,0,3,0,0,0,0,0,0,1,0,0
1,0,1,0,0,0,0,1,0,0,0,0,0,1,0,0,0,0,1,1,0,2,2,0,0,2,1,0,1,0,0,0,2,1,1,1,0,2,2,0,0,1,0,0,0,0,2,0,3,0,6,0,2,1,0,1,0,1,1,0,0,1,1,1,0,2,0,0,1,1,0,0,0,0,1,1,3,0,1,0,0,0,0,0,0,0,1,0,0,0,0,1,3,2,0,0,0,3,0,0
1,1,0,0,0,0,2,0,0,0,0,0,0,4,0,0,2,2,1,2,0,0,1,0,1,0,3,0,1,0,0,0,1,0,3,0,0,0,0,1,0,0,0,0,0,0,0,0,2,0,4,0,6,2,0,1,3,4,1,0,1,0,1,0,0,3,1,0,0,5,5,1,3,0,1,1,5,0,0,1,0,0,1,1,1,0,0,0,0,0,0,0,4,0,0,0,1,2,2,0
2,0,0,0,0,0,0,0,0,1,0,0,0,1,0,0,0,0,0,2,0,0,0,0,1,0,0,0,0,0,0,1,0,0,4,0,0,0,0,0,0,0,0,0,0,0,0,0,0,0,7,0,2,1,0,1,0,1,2,0,0,0,0,1,0,1,0,0,0,0,0,0,0,0,0,1,3,0,0,0,0,0,1,1,0,0,0,0,0,0,0,0,0,0,0,0,0,0,0,0
0,2,1,0,0,0,1,0,0,1,0,0,1,0,0,0,4,0,2,2,0,15,6,0,0,0,1,0,2,0,0,0,0,5,1,0,0,0,2,0,1,3,0,1,0,0,0,0,5,0,2,0,2,0,0,0,0,0,0,0,1,0,2,0,0,0,0,0,3,1,0,0,0,1,1,2,2,0,0,1,0,0,0,0,2,0,0,0,0,0,0,1,0,14,9,0,4,3,0,0
1,0,1,0,0,0,0,0,0,2,0,0,0,1,0,2,0,0,0,0,0,1,6,1,0,0,0,1,0,0,0,1,0,1,1,1,0,0,0,0,1,0,0,0,0,0,2,0,3,0,3,0,4,0,1,0,0,0,2,0,0,0,0,2,0,1,0,1,1,1,0,0,0,0,0,0,2,1,1,0,0,1,1,0,0,1,0,1,3,0,1,0,1,3,0,0,2,0,1,0
0,0,0,0,0,0,0,0,0,0,0,0,0,1,1,0,0,1,0,0,4,2,0,0,0,0,0,0,0,4,0,0,0,1,0,1,0,0,1,0,0,0,0,0,0,0,0,0,0,0,1,0,1,1,0,0,0,1,0,0,0,0,1,1,0,1,1,0,0,1,1,0,0,0,0,1,1,0,0,0,0,0,2,0,0,0,0,0,0,0,0,0,1,0,0,0,0,1,0,0
0,0,0,0,0,0,0,0,0,0,0,0,0,0,1,0,0,0,0,0,0,0,0,0,0,1,0,0,0,0,0,0,0,0,0,0,0,0,0,0,0,0,0,0,0,0,0,0,0,0,0,0,0,1,0,3,0,0,0,0,0,0,0,0,0,0,0,0,0,0,0,0,0,0,0,3,0,0,0,0,0,0,0,0,1,0,0,0,0,0,0,0,0,1,0,2,0,0,0,0
0,1,0,1,0,0,0,0,0,1,0,0,0,1,2,0,0,0,0,0,0,4,1,0,0,0,0,0,0,0,0,2,0,0,1,0,14,1,0,0,1,0,0,0,0,0,0,0,3,0,0,0,0,0,3,1,0,0,1,0,0,0,0,0,0,1,0,0,1,0,0,0,0,0,0,0,2,0,0,0,0,1,0,1,0,0,0,0,0,0,1,1,1,0,0,0,0,1,0,2
1,0,2,0,0,0,0,0,1,12,1,0,0,0,0,0,0,0,0,2,0,0,2,0,0,1,0,0,0,0,0,1,1,0,0,2,0,0,0,0,0,0,0,0,1,0,3,0,5,0,3,0,0,0,0,0,1,0,0,2,0,0,0,1,2,0,1,1,0,0,0,1,6,1,0,2,0,0,0,0,0,1,2,6,0,0,2,0,1,0,1,0,0,0,0,0,0,1,0,0
0,0,3,0,0,0,2,0,1,0,0,0,0,0,0,0,1,0,0,0,0,0,0,0,2,0,0,0,0,0,1,0,0,1,1,0,0,4,0,0,0,0,0,0,0,4,0,0,1,0,11,2,2,0,0,0,0,1,2,0,1,0,0,0,0,0,1,0,2,0,0,1,0,3,4,0,3,0,0,0,0,0,0,0,0,0,1,3,0,0,0,0,0,4,3,0,0,4,0,1
10,0,0,0,0,0,0,1,0,1,0,1,0,2,0,0,1,0,2,0,0,0,3,0,7,1,0,0,1,0,0,0,0,0,3,1,0,0,0,0,0,0,0,0,0,0,0,0,4,0,10,0,3,0,4,0,0,0,3,0,0,0,0,1,0,1,1,0,1,0,1,0,0,1,0,0,4,0,0,0,0,0,1,5,0,0,2,2,2,0,0,0,0,0,1,0,0,1,0,0
0,0,0,0,0,1,1,0,0,4,2,0,0,14,0,0,0,1,1,0,0,0,1,1,2,0,0,0,0,0,0,0,2,2,1,2,1,0,0,0,1,0,0,4,1,0,5,0,4,0,8,0,5,0,0,2,1,2,0,0,1,0,0,1,0,0,1,0,1,6,4,0,0,0,0,1,5,0,1,0,5,0,2,2,0,0,3,0,0,0,0,0,0,0,0,0,0,0,0,2
0,0,2,1,0,0,0,0,0,0,0,0,0,2,2,1,0,0,0,2,0,4,2,0,0,0,0,7,0,0,0,0,0,0,0,0,1,0,1,0,2,0,1,1,0,0,1,1,2,1,0,0,0,1,2,6,0,1,0,2,0,0,0,1,0,0,2,1,3,2,1,2,0,0,0,2,3,0,1,1,0,0,0,0,2,1,0,6,2,0,0,0,0,1,0,1,0,0,1,4
0,0,0,0,0,1,0,0,0,0,0,0,0,1,0,0,0,0,0,2,0,0,0,0,0,0,1,1,0,0,0,0,2,0,0,0,0,0,0,0,0,0,0,0,0,0,0,0,1,0,3,0,0,0,0,0,0,0,0,0,0,0,0,1,0,0,0,0,0,1,2,0,0,0,0,1,0,0,0,0,0,0,0,1,0,0,0,0,0,0,0,0,0,0,0,0,0,0,1,0
1,0,1,0,0,0,1,0,0,6,0,0,2,0,0,0,0,0,0,1,0,1,4,0,1,0,0,0,1,0,0,1,0,2,0,0,0,2,0,0,0,0,0,0,0,1,0,0,3,0,6,1,1,0,0,0,1,0,2,0,0,0,0,0,1,0,0,0,0,0,0,0,1,0,1,0,1,0,0,0,0,0,0,1,0,0,0,0,0,0,0,0,0,1,0,0,0,0,0,1
0,0,0,0,0,0,0,0,0,0,0,0,0,0,6,0,0,0,0,0,0,0,1,0,0,0,0,0,0,0,0,0,0,0,0,0,0,0,0,0,0,0,0,0,0,0,0,0,0,0,0,0,0,0,0,1,0,0,0,0,0,1,1,0,0,0,0,1,0,0,0,0,0,0,0,0,0,0,0,0,0,0,0,0,0,0,0,0,0,0,0,0,0,0,1,0,0,0,0,0
0,0,0,0,0,0,0,2,0,0,0,0,0,0,0,0,0,0,0,0,0,0,2,0,0,0,0,1,0,0,0,1,1,0,0,0,0,0,0,0,0,0,0,0,1,0,0,0,4,0,2,0,0,0,0,0,0,0,0,0,0,0,0,1,0,0,0,0,0,0,0,0,2,0,0,0,0,0,0,0,0,0,0,0,0,0,0,0,0,0,0,0,0,0,0,0,0,0,0,0
0,0,2,2,1,0,0,0,0,0,0,0,1,1,0,0,4,2,1,0,0,2,2,0,2,0,0,0,0,0,0,0,0,1,0,0,0,2,0,0,0,2,1,0,0,1,0,0,5,0,2,1,4,0,1,0,1,0,2,0,0,0,1,0,0,0,0,0,2,2,0,0,0,0,1,0,1,0,0,0,0,0,0,2,0,0,0,0,0,0,0,1,0,7,1,0,1,0,0,0
0,0,0,0,0,0,0,0,0,0,0,1,0,0,0,0,0,0,0,0,1,0,0,0,0,0,0,0,0,0,0,0,0,0,0,0,0,0,0,0,0,0,1,0,0,0,0,0,0,0,0,0,0,0,0,0,0,0,0,0,0,0,0,0,0,0,0,0,0,0,0,0,0,0,0,1,0,0,0,0,0,0,0,0,0,0,0,1,0,0,0,0,0,0,0,0,0,0,0,0
0,0,3,1,0,0,4,0,0,0,0,0,0,1,0,0,4,0,0,0,0,0,1,0,2,0,0,0,0,0,0,0,0,0,0,0,0,0,0,1,0,0,1,0,0,0,0,0,0,0,10,0,3,2,2,0,2,1,1,0,0,0,0,0,0,0,0,0,0,0,0,2,0,0,0,1,4,0,0,0,0,0,0,1,0,0,1,1,0,0,0,0,0,1,0,0,0,0,1,0
0,0,3,0,0,0,1,0,0,2,0,0,0,1,0,1,4,1,0,0,0,0,1,0,1,0,4,0,0,0,0,0,0,1,1,6,0,0,0,1,0,0,0,0,1,0,1,0,4,0,1,0,3,0,0,1,3,0,1,0,0,0,0,0,0,0,0,0,0,1,1,0,0,0,0,0,2,0,0,0,1,1,1,2,0,0,0,0,0,0,1,0,0,1,0,0,0,0,3,1
0,0,0,0,0,0,0,1,0,2,0,1,0,1,0,0,0,1,0,0,0,0,2,0,0,0,0,0,0,0,0,0,0,0,0,0,0,0,0,0,0,0,0,0,0,0,0,0,1,4,0,0,1,0,0,0,0,0,0,0,1,0,0,0,0,0,0,0,0,2,1,0,0,0,0,0,0,0,0,1,0,0,0,1,0,0,1,0,0,0,0,0,0,0,0,0,0,0,0,0
3,0,3,4,2,0,0,0,0,4,0,1,1,1,0,1,5,0,0,0,0,2,8,1,3,0,0,1,1,0,2,1,0,5,0,0,0,3,1,0,0,0,2,0,0,2,2,0,5,3,13,1,1,0,3,1,0,0,3,0,1,0,0,0,1,0,0,1,3,0,0,0,0,4,2,0,2,2,0,0,0,0,0,3,2,0,3,1,3,0,0,1,0,5,1,0,0,2,0,1
0,0,0,0,0,0,0,0,0,0,0,0,0,0,0,0,0,0,0,2,0,0,0,0,0,0,0,0,1,0,0,0,2,0,1,0,0,0,0,0,0,0,0,0,0,0,1,0,3,0,4,0,4,0,0,1,1,0,2,0,0,0,0,2,0,0,0,0,0,1,1,0,1,0,0,1,3,0,0,0,0,0,1,0,0,0,0,0,0,0,0,0,0,0,0,0,0,0,0,0
5,0,2,0,0,0,0,0,1,0,0,0,0,0,0,0,0,0,2,0,0,0,0,0,2,0,0,0,0,0,0,0,0,0,0,0,0,3,0,0,0,0,0,0,0,0,1,0,6,2,3,0,3,0,1,0,0,0,2,1,0,0,0,0,0,0,0,0,0,2,0,0,2,0,1,2,0,0,0,0,0,0,0,0,0,0,3,0,0,0,0,0,1,0,0,0,0,2,0,0
0,2,0,0,0,0,1,0,0,3,0,0,0,4,2,3,0,0,0,0,0,1,3,0,0,0,0,0,0,0,2,7,3,0,0,1,0,0,0,1,0,0,1,1,0,0,4,1,3,2,0,0,0,0,0,0,0,0,0,0,3,0,0,2,4,0,0,3,3,0,0,0,0,0,0,0,0,9,0,1,0,1,0,0,0,0,2,1,0,0,1,0,0,1,0,0,3,1,0,2
3,0,1,0,0,0,0,2,0,3,0,0,0,2,0,1,0,3,1,1,0,3,4,1,3,2,0,0,1,0,2,0,1,1,0,0,0,0,2,0,1,0,0,2,0,0,1,0,3,0,18,0,3,0,0,1,1,0,2,0,0,1,0,4,0,0,0,0,1,1,1,0,1,3,2,1,3,0,0,0,0,0,2,2,0,0,0,0,0,0,0,0,0,1,1,0,0,0,0,0
0,0,1,0,0,0,0,0,0,0,0,0,0,0,0,0,0,1,0,0,0,0,1,1,0,0,0,0,0,0,0,0,0,0,0,0,0,0,0,0,0,0,0,0,1,0,0,0,1,0,0,0,0,2,0,0,0,1,0,0,0,0,0,0,0,0,0,1,0,3,0,1,0,0,0,0,0,0,0,0,0,0,0,0,0,0,0,0,0,0,0,0,0,0,0,0,0,0,0,0
0,0,0,0,0,0,0,0,0,0,0,0,0,0,0,0,0,0,0,0,0,0,0,0,0,0,0,0,0,0,0,0,0,0,0,0,0,0,0,0,0,0,0,0,0,1,0,0,0,0,0,0,0,0,0,0,0,0,0,0,0,0,0,0,0,0,0,0,0,0,0,0,0,0,1,0,0,0,0,0,0,0,0,0,0,0,0,0,0,0,0,0,0,0,0,0,0,0,0,0
0,0,0,0,0,2,0,0,0,0,0,0,0,0,1,0,0,0,1,0,0,5,0,0,2,1,4,0,0,0,0,0,0,0,0,1,3,0,3,0,0,0,0,0,0,0,0,0,0,0,0,0,2,0,0,0,0,0,0,0,0,2,1,0,0,6,0,0,0,0,0,0,0,0,0,0,0,0,0,1,0,0,0,0,0,0,0,0,0,0,0,0,4,1,0,0,0,0,0,0
0,0,0,0,0,4,0,0,0,0,0,0,1,0,0,0,1,0,1,0,9,0,0,0,0,0,0,0,0,7,0,0,0,0,0,1,0,0,0,0,0,0,0,0,1,0,0,0,0,0,0,0,0,0,0,0,0,0,0,0,0,0,0,0,0,0,0,0,0,2,1,0,0,1,0,0,0,0,0,0,0,0,0,0,0,0,0,0,0,0,0,0,0,0,0,0,0,1,0,0
2,3,2,0,1,1,5,0,1,0,0,2,1,0,0,0,0,1,0,0,0,2,2,0,1,2,0,0,0,0,4,0,0,0,0,0,0,3,0,0,0,0,1,0,0,2,2,0,2,0,10,3,0,0,0,1,1,0,6,0,5,0,0,0,0,1,0,0,1,3,1,0,0,11,6,0,1,0,3,1,0,2,0,2,0,0,0,1,0,0,1,0,0,7,1,0,2,0,0,1
0,0,1,0,2,4,0,0,0,2,0,0,0,1,3,0,0,0,0,3,0,2,1,1,0,0,1,0,0,0,0,0,0,2,0,1,0,0,0,0,0,0,0,1,0,1,0,1,2,0,0,0,0,0,0,0,0,0,0,1,0,0,0,0,1,0,1,2,3,0,0,0,0,0,0,2,0,1,0,0,0,0,0,0,0,0,0,3,0,0,0,2,0,0,0,0,0,2,0,1
0,0,1,0,2,4,0,0,0,2,0,1,0,1,3,0,0,0,0,3,0,2,1,1,0,0,1,0,0,0,0,0,1,2,0,1,1,0,0,0,0,0,0,1,0,1,0,1,2,0,0,0,0,0,0,0,0,0,1,1,0,0,0,1,1,0,1,2,3,0,1,0,0,0,0,2,0,1,0,0,1,0,0,0,0,0,0,4,0,0,0,2,0,0,0,0,0,4,0,1
0,0,0,0,0,0,0,0,0,1,0,1,0,0,1,0,0,0,0,0,0,0,0,0,0,0,0,0,0,1,1,0,0,1,0,0,0,0,0,0,0,0,0,0,0,0,0,2,1,0,0,0,0,4,0,1,0,1,0,0,0,0,0,0,0,0,2,0,0,0,0,0,0,0,0,6,0,0,0,1,0,0,0,0,1,0,0,1,0,0,0,0,0,0,0,14,0,0,0,0
1,0,3,2,0,0,0,0,0,1,0,0,1,0,3,0,0,0,0,1,0,0,1,1,2,1,0,0,0,0,1,0,0,3,0,0,1,0,0,0,0,0,0,1,1,4,0,0,7,0,12,0,0,0,3,0,1,0,2,0,0,0,0,1,0,10,0,1,3,0,0,3,0,3,0,1,0,1,0,1,0,3,0,6,0,0,0,0,0,0,1,4,0,3,0,0,0,1,0,0
1,0,0,0,0,0,0,1,1,7,7,2,0,0,0,1,0,1,1,0,0,1,4,0,0,0,0,0,0,0,0,2,0,2,0,0,0,0,0,1,0,0,0,0,0,0,3,0,3,0,3,0,1,0,0,5,0,0,1,1,0,0,0,1,0,0,1,1,0,2,4,0,1,0,0,0,2,0,2,0,0,0,2,0,0,0,2,0,3,0,0,0,0,0,0,0,0,2,0,1
0,0,1,0,0,0,0,0,0,0,0,0,0,3,0,0,0,0,0,0,0,0,7,0,0,1,1,2,0,0,0,0,3,0,1,0,0,0,0,0,2,0,0,0,0,0,2,0,5,0,0,0,1,0,0,1,0,0,0,0,0,0,0,2,0,0,0,3,0,2,2,0,0,0,0,0,2,0,1,0,0,0,2,0,0,1,1,0,0,0,0,0,0,0,0,0,0,0,0,0
0,0,1,2,0,0,2,0,2,0,0,1,0,0,0,0,1,0,1,4,0,2,2,0,0,0,0,0,0,0,0,0,0,0,4,0,0,2,1,0,0,2,0,0,0,0,0,0,2,0,3,0,5,0,0,0,0,0,3,0,0,0,1,1,0,0,0,0,0,1,0,1,0,0,2,0,6,0,0,0,0,0,0,0,0,0,0,0,0,0,0,0,2,4,1,0,3,0,0,0
0,0,0,0,0,0,0,0,0,0,0,0,0,0,2,0,0,0,0,0,0,0,0,0,0,0,0,0,0,0,0,0,0,0,0,0,0,0,0,0,0,0,0,1,0,0,0,0,1,0,0,0,0,1,0,1,0,0,0,0,0,0,0,0,0,1,0,0,0,0,0,0,0,0,0,2,0,0,0,0,0,0,0,0,0,0,0,0,0,0,0,0,0,1,0,1,0,0,0,0
0,0,0,0,0,0,0,0,0,0,0,0,0,0,0,0,0,0,0,0,0,0,0,0,0,0,0,0,0,0,0,0,0,0,0,0,0,0,0,0,0,0,0,0,0,0,0,0,0,0,0,0,0,0,0,0,0,0,0,0,0,0,0,0,0,0,0,0,0,0,0,0,0,0,0,0,0,0,0,0,0,0,0,0,0,0,0,0,0,0,0,0,0,0,0,0,0,0,0,0
0,0,0,0,0,0,0,0,1,1,0,0,0,1,1,2,0,0,0,0,0,1,1,0,0,0,0,0,0,0,1,0,0,0,0,0,0,0,0,0,0,0,0,2,0,0,1,0,9,0,0,0,0,0,2,5,0,0,0,1,0,0,0,1,1,1,0,1,3,0,0,0,0,0,0,1,0,0,0,0,0,0,0,0,0,0,4,1,0,0,0,0,0,0,0,0,0,1,0,0
0,0,3,0,0,0,0,0,0,0,0,0,0,0,0,0,0,0,0,0,0,1,0,0,0,0,0,0,0,0,0,0,0,0,0,0,0,0,0,0,0,0,1,0,0,0,0,0,2,0,0,0,0,2,0,0,0,0,0,0,0,0,0,0,0,0,0,0,2,0,0,0,0,0,0,2,0,0,0,0,0,0,0,0,1,0,0,1,0,0,0,0,0,0,0,0,0,0,0,0
0,0,0,0,0,0,0,0,0,0,0,0,0,0,2,0,0,0,0,0,0,0,0,1,0,0,1,0,0,0,1,1,2,0,0,0,0,0,0,0,0,0,0,0,0,0,2,1,2,0,0,0,1,1,0,1,1,1,0,0,0,1,1,1,0,0,0,1,1,1,0,1,0,0,0,0,2,0,1,0,0,0,0,0,0,1,1,0,1,0,0,1,1,0,0,0,0,0,0,0
1,0,0,2,1,0,0,4,1,2,0,0,1,0,0,0,0,0,1,0,0,12,0,0,3,0,0,0,0,0,1,0,0,2,0,0,0,0,1,1,0,0,1,0,0,1,0,0,0,0,0,0,1,0,3,0,0,1,0,0,0,0,0,0,0,0,0,0,0,0,0,0,0,0,2,0,0,0,0,1,0,0,0,0,0,0,0,0,0,0,0,4,0,4,1,0,0,3,0,0
1,0,0,0,0,0,0,0,0,0,0,0,0,2,0,0,0,0,0,3,0,0,0,0,3,0,0,0,1,0,0,0,1,0,0,0,0,0,0,0,0,0,0,0,0,0,0,0,3,0,5,0,4,0,0,0,1,0,0,0,0,0,0,3,0,0,0,0,2,3,3,1,0,0,0,0,2,0,0,0,0,0,1,1,0,0,0,0,0,0,0,0,0,0,0,0,0,0,0,0
3,1,3,0,0,0,1,3,1,0,0,0,0,2,0,1,0,1,0,0,0,0,2,0,3,0,0,0,1,0,3,0,0,2,0,0,0,3,0,0,0,0,0,1,0,0,1,0,0,1,10,0,6,0,1,0,0,0,3,0,0,0,0,0,0,0,1,0,0,1,2,1,0,3,1,0,3,0,0,0,0,0,1,0,0,0,0,1,0,0,0,0,0,3,1,1,1,0,0,1
0,0,0,2,0,0,0,0,0,0,1,0,1,1,1,0,0,0,2,0,0,7,2,2,0,0,0,0,1,0,0,0,0,0,0,1,0,0,3,0,0,1,2,0,0,0,0,0,0,0,1,0,0,1,0,0,0,0,0,0,1,0,2,0,0,1,1,0,0,0,0,0,0,0,0,3,0,0,0,0,0,0,0,0,0,0,1,1,0,0,0,1,0,8,0,0,2,1,0,3
2,0,3,0,0,0,0,0,1,0,0,0,1,0,0,0,1,0,0,0,0,0,0,0,2,0,0,0,0,0,4,0,0,0,1,0,0,8,0,0,0,2,0,0,0,2,0,0,2,0,6,4,3,0,0,0,0,0,4,0,1,0,0,0,0,0,0,0,1,0,0,2,0,9,4,1,3,2,0,1,0,0,0,0,0,0,0,0,0,0,0,0,1,6,1,0,2,0,0,0
0,0,0,0,0,0,1,0,0,0,0,0,0,0,1,0,0,0,0,0,0,2,2,0,0,0,0,0,0,0,0,0,0,0,0,0,0,0,0,0,0,1,0,0,0,0,0,0,0,0,0,0,0,0,0,0,0,0,0,0,0,0,0,0,0,0,0,0,0,0,0,0,0,0,0,0,0,1,0,0,0,0,0,0,0,0,0,0,0,0,0,1,0,3,0,0,2,0,0,0
0,0,0,1,0,3,0,0,0,0,0,0,0,0,0,0,2,0,1,0,0,1,0,0,0,0,2,0,0,0,0,0,0,0,0,0,0,0,0,0,0,0,0,0,1,0,0,0,0,0,1,0,0,0,0,0,0,0,1,0,0,0,0,0,0,1,0,0,0,3,0,0,0,0,0,0,0,0,0,0,0,0,0,0,0,0,0,0,0,0,0,0,0,2,0,0,0,0,0,0
0,0,0,0,0,0,0,0,0,0,0,0,0,0,1,0,1,0,0,0,0,0,0,0,0,0,0,0,0,0,0,0,0,1,0,0,0,0,0,1,0,0,1,0,0,0,1,0,2,0,0,0,0,2,0,3,0,0,0,0,0,0,0,0,0,0,0,0,0,0,0,0,0,0,0,4,0,5,0,1,0,0,0,0,1,0,0,1,0,0,0,0,0,0,0,4,0,1,0,0
3,0,0,0,0,0,0,2,0,1,0,0,0,1,1,0,0,0,0,0,0,0,1,0,2,1,0,0,1,0,0,0,0,0,0,0,0,0,0,0,0,0,0,1,0,0,0,0,1,0,16,5,4,0,0,1,1,0,5,0,1,0,0,1,0,2,1,0,0,1,1,0,1,0,0,2,5,0,0,1,0,0,0,1,0,0,0,0,0,0,0,0,0,3,0,0,0,0,0,0
1,0,0,0,0,0,1,2,0,2,0,0,0,2,0,0,2,1,1,0,0,0,0,0,3,1,2,0,1,0,0,0,0,1,0,0,0,0,0,1,0,0,0,0,1,0,0,0,1,0,12,1,5,0,0,0,0,0,1,0,0,0,0,0,0,0,1,0,1,0,0,1,0,0,0,0,3,0,1,0,0,0,1,2,0,0,0,0,0,0,0,0,0,0,0,0,0,1,2,0
0,0,0,0,0,0,0,0,0,0,0,0,0,0,0,0,0,0,1,0,0,1,0,0,0,1,3,0,0,0,0,0,0,0,0,1,0,0,1,0,0,0,0,0,0,0,0,0,0,0,0,0,1,0,0,0,0,0,0,0,0,0,0,0,1,4,0,0,0,0,0,0,0,0,0,0,0,0,0,0,0,0,0,0,0,0,0,0,0,0,0,0,3,1,0,0,0,1,1,0
0,0,0,0,0,0,0,0,0,3,0,0,0,0,0,0,0,0,0,0,0,0,1,0,0,0,0,0,0,0,0,2,0,0,0,0,0,0,0,0,0,0,0,0,0,0,0,0,1,0,0,0,0,0,0,0,0,0,0,0,0,0,0,1,0,0,0,1,0,0,0,0,0,0,0,0,1,0,0,0,0,3,0,1,0,0,0,0,0,0,2,0,0,0,0,0,0,0,0,0
0,0,0,0,0,0,0,0,0,3,0,0,0,1,0,0,0,0,0,0,0,0,1,0,0,0,0,0,1,0,0,2,0,0,0,0,0,0,0,0,0,0,0,0,0,0,1,0,1,0,0,0,0,2,0,0,0,0,0,0,0,0,0,1,0,0,0,1,0,0,0,0,0,0,0,0,1,0,0,0,0,3,0,1,0,0,1,0,0,0,2,0,0,0,0,0,0,0,0,0
0,0,0,0,0,1,0,0,0,0,0,0,0,1,0,0,0,0,0,0,0,0,0,0,0,0,0,1,0,0,0,0,1,0,0,0,0,0,0,0,0,0,0,0,0,0,0,0,1,0,0,0,0,0,0,0,0,0,0,0,0,0,0,0,0,0,0,0,0,0,0,0,0,0,0,1,0,0,0,0,0,0,0,0,0,1,0,0,0,0,0,0,0,0,0,0,0,0,0,0
1,0,0,0,0,0,0,0,0,2,0,0,0,0,0,0,0,0,0,0,0,2,2,0,0,0,0,0,0,0,0,0,0,1,0,0,0,0,0,0,1,0,1,0,3,0,0,0,3,0,1,0,1,0,0,0,0,0,1,0,0,1,1,1,1,0,1,0,3,1,3,0,0,0,0,1,1,0,0,1,0,1,0,0,0,5,0,1,1,0,0,0,0,2,0,0,0,0,0,1
0,0,0,0,0,0,0,0,0,0,0,0,0,0,0,0,0,0,0,0,0,0,0,0,0,0,0,0,0,0,0,0,0,0,0,0,0,0,0,0,0,0,0,0,0,0,0,0,0,0,0,0,0,0,0,0,0,0,0,0,0,0,0,0,0,0,0,0,0,0,0,0,0,0,0,0,0,0,0,0,0,0,0,0,0,0,0,0,0,0,0,0,0,0,0,0,0,0,0,0
0,0,0,0,0,0,0,0,1,0,1,0,0,2,0,0,0,0,0,1,0,0,4,0,0,0,0,0,0,0,0,0,0,0,0,0,0,0,0,3,0,0,0,0,0,0,3,0,2,0,0,0,0,0,0,1,0,0,0,0,2,0,0,1,0,0,0,1,0,2,0,1,0,0,0,1,0,0,1,0,0,0,1,0,0,0,2,0,0,0,0,0,0,0,0,0,0,0,0,0
1,0,0,0,0,0,0,0,0,0,0,0,0,0,0,0,0,0,0,0,0,0,0,0,0,0,0,0,1,0,0,0,2,0,0,0,0,0,0,0,0,0,0,0,0,0,0,0,1,0,5,0,2,0,0,0,0,0,0,0,0,0,0,1,0,0,0,0,0,1,1,0,1,0,0,0,1,0,0,0,2,0,0,0,0,0,0,0,0,0,0,0,0,0,0,0,0,0,0,0
0,0,0,1,2,0,0,0,0,0,0,0,0,0,1,0,0,0,0,0,0,2,2,0,0,0,0,0,0,0,0,0,1,1,0,0,0,0,0,0,0,0,0,1,0,0,1,0,0,0,0,0,0,1,0,0,0,1,0,0,0,0,0,0,0,0,0,1,0,0,0,0,0,0,0,2,0,1,0,1,0,0,0,0,0,0,2,0,0,0,0,0,0,1,0,0,0,0,0,0
0,0,0,0,0,1,0,0,0,1,0,0,0,0,2,0,0,0,0,0,0,2,1,0,0,0,0,0,0,0,2,1,0,1,0,0,0,0,0,0,0,1,0,0,0,0,0,0,0,0,0,0,0,0,0,0,0,0,0,0,0,0,1,0,0,0,0,0,0,0,0,0,0,0,0,2,0,3,0,1,0,0,0,0,1,0,0,1,0,0,0,0,0,3,0,1,0,0,0,1
0,0,0,0,0,3,0,0,0,0,0,3,0,1,4,0,0,0,1,0,0,8,2,2,3,0,0,1,0,0,0,0,0,1,0,0,8,0,2,1,0,1,0,0,0,0,1,0,1,0,0,0,0,2,0,1,0,2,0,1,0,0,3,0,0,0,0,0,1,1,0,0,3,0,0,0,0,0,0,0,0,0,0,0,0,0,0,0,0,0,0,2,1,0,1,1,0,1,0,1
0,0,1,0,0,0,1,0,0,0,0,0,0,2,3,0,2,0,2,0,1,3,2,1,0,0,0,2,0,0,0,1,0,2,0,0,0,1,0,0,0,2,0,1,1,0,1,2,3,2,1,0,2,0,2,1,0,0,1,1,0,0,0,1,0,1,1,1,1,3,0,3,0,0,0,0,4,0,1,0,0,0,2,0,2,0,0,4,0,0,0,2,1,4,1,0,0,3,2,1
1,0,0,0,0,0,0,0,0,1,2,0,0,0,0,0,0,0,0,3,0,0,1,0,0,0,0,0,0,0,0,0,0,1,0,0,2,0,0,0,0,0,0,0,0,0,0,0,3,0,3,0,2,0,0,0,1,0,0,0,0,0,0,0,0,0,1,0,0,0,0,0,2,0,0,1,2,0,1,0,2,0,0,1,0,0,0,0,0,0,0,0,0,0,0,0,0,0,0,0
3,0,2,1,0,0,1,0,0,0,0,0,0,0,0,0,1,0,1,0,0,1,0,0,5,2,0,0,1,0,0,0,0,2,1,0,0,0,0,0,0,0,0,1,0,0,0,0,2,0,14,1,5,1,5,0,0,0,1,0,0,0,0,0,0,1,0,0,1,0,1,1,0,0,1,0,4,0,0,0,0,0,0,2,0,0,0,0,0,0,0,0,0,2,0,0,0,1,0,1
0,0,0,0,0,0,0,0,0,1,0,0,0,2,0,0,0,1,0,0,0,0,5,0,0,0,0,0,0,0,0,4,2,0,0,0,0,0,0,0,1,0,0,0,3,0,1,0,6,0,2,0,1,0,0,0,0,0,0,1,1,0,0,4,0,0,0,0,1,3,1,0,0,0,0,0,5,0,2,1,0,0,0,2,0,0,0,0,0,6,0,0,0,0,0,0,0,0,0,0
0,0,0,0,0,0,1,0,2,1,0,1,0,0,0,0,1,0,2,0,0,1,1,0,0,0,0,1,0,0,0,1,3,1,0,0,0,0,0,1,0,0,0,0,0,0,0,0,4,0,2,0,1,0,0,1,1,0,0,1,1,4,0,3,0,0,0,1,0,1,1,0,0,0,0,0,2,0,1,0,0,0,1,1,0,0,1,0,0,8,0,0,0,2,1,0,0,0,0,0
0,0,2,0,0,0,0,0,0,0,0,0,0,0,0,0,0,0,0,0,0,0,1,0,0,0,0,0,0,0,0,0,0,0,0,4,0,0,0,0,0,0,0,0,0,0,0,0,9,0,2,0,0,0,0,0,0,0,0,0,0,0,0,0,0,0,0,1,0,0,0,1,0,0,0,0,0,0,0,0,0,0,0,0,0,0,1,0,0,0,0,0,0,0,0,0,0,0,0,0
1,0,0,0,0,0,0,2,0,0,0,3,0,4,0,0,0,1,0,0,0,0,0,0,1,2,0,0,0,0,0,0,1,1,0,0,0,0,0,0,0,0,0,0,2,0,1,0,6,1,10,2,7,0,0,0,1,0,0,0,0,0,0,2,0,0,0,0,0,2,3,0,1,0,0,0,2,0,0,1,7,0,0,3,0,0,0,0,0,0,0,0,0,0,0,0,0,0,0,0
0,0,0,0,0,0,0,0,0,0,0,0,0,0,0,0,0,1,0,0,0,1,0,0,0,0,0,0,0,0,0,0,7,0,0,0,0,0,0,0,0,0,0,0,0,0,0,0,2,0,0,0,1,0,0,0,0,0,0,0,0,3,0,2,0,0,0,0,0,0,0,0,0,0,0,1,1,0,0,0,0,0,0,0,0,0,0,0,0,0,0,0,0,0,0,0,0,0,0,0
0,0,0,0,3,0,0,0,0,0,0,0,0,0,0,0,0,0,1,0,0,7,0,0,0,1,0,0,0,0,0,0,0,0,0,0,0,0,1,0,0,0,0,0,0,0,0,0,0,0,0,0,0,0,0,0,0,0,0,0,0,0,1,0,0,0,0,0,0,0,0,0,0,0,0,0,0,0,0,0,0,0,0,0,0,0,0,0,0,0,0,0,0,0,0,0,0,0,0,1
0,2,0,3,1,1,0,0,0,0,0,0,0,0,0,0,0,0,0,0,0,4,4,1,0,0,1,0,0,0,0,0,0,1,0,0,0,0,0,0,0,2,1,1,0,0,0,1,1,0,0,0,0,0,1,0,0,1,0,0,0,0,1,0,0,0,0,2,1,0,0,0,0,0,0,4,0,4,0,1,0,0,0,0,0,1,1,1,0,0,0,0,0,6,0,0,0,0,2,0
0,0,0,0,0,0,0,0,2,1,0,0,0,0,1,0,0,0,0,0,0,0,2,0,0,3,0,0,0,0,0,0,0,3,0,0,0,0,0,0,0,0,1,0,0,0,0,0,12,1,0,0,0,1,0,0,1,0,0,0,0,0,0,0,0,0,0,3,0,0,2,0,5,0,0,2,0,2,0,0,0,0,1,0,0,0,1,1,0,0,0,0,0,0,0,0,0,0,0,0
0,0,0,2,0,0,0,0,0,0,0,0,0,0,2,1,0,0,1,3,0,1,5,0,0,0,0,0,0,0,0,0,1,0,0,0,0,0,0,0,0,0,0,0,0,0,1,0,1,0,3,0,0,0,1,0,0,1,1,0,1,0,0,0,0,1,0,0,0,0,0,0,0,1,1,3,0,2,0,0,0,0,0,0,0,0,1,0,0,0,0,0,0,4,2,0,0,0,0,0
2,0,0,0,0,0,0,0,0,5,0,1,0,0,0,2,0,0,0,0,0,1,0,0,0,0,0,0,0,0,1,1,0,0,0,0,0,0,0,0,0,0,0,0,0,0,1,0,6,0,5,0,3,0,0,2,1,0,2,2,0,0,0,1,5,0,0,1,1,1,1,0,1,0,0,0,3,1,0,0,0,1,1,3,0,0,0,0,1,0,1,1,1,1,1,0,0,0,0,0
0,0,0,0,0,0,0,0,0,0,0,0,0,0,1,0,0,0,0,0,0,2,0,0,0,0,0,0,0,0,0,0,0,0,0,0,0,0,0,0,0,0,0,0,0,0,0,0,0,0,0,0,0,0,0,2,0,0,0,0,0,2,0,0,0,0,1,0,0,0,0,0,0,0,0,0,0,0,0,1,0,0,0,0,0,0,0,1,0,0,0,0,0,0,0,0,0,0,0,0
0,0,2,1,0,0,0,0,1,6,0,0,0,1,0,2,0,0,1,0,0,0,2,0,0,0,0,0,0,0,0,1,0,0,0,1,0,0,0,0,0,0,0,0,0,0,2,0,4,0,5,0,3,0,1,0,0,0,2,0,0,0,0,3,0,1,0,0,1,0,0,1,1,0,0,0,2,0,0,0,0,2,2,4,0,0,2,0,1,0,1,0,0,1,0,0,0,0,0,0
0,1,0,0,0,1,0,0,0,0,0,0,0,0,1,0,0,0,0,0,0,0,0,0,0,0,0,0,0,0,0,0,0,0,0,0,0,0,0,0,1,1,0,0,0,0,0,1,0,0,0,0,0,1,0,0,1,0,0,0,0,0,0,0,0,0,0,1,0,0,0,0,0,0,0,0,0,2,0,0,0,0,0,0,0,0,0,0,1,0,0,0,0,0,0,0,0,0,0,1
0,0,1,0,0,0,0,0,1,8,0,1,0,0,2,2,0,0,0,1,0,0,5,0,0,0,0,0,0,0,0,0,0,5,0,0,0,0,0,0,0,0,0,1,0,0,4,0,12,3,4,0,0,0,0,1,2,0,0,2,2,0,0,2,3,4,1,0,0,0,0,0,8,0,0,5,0,1,0,1,0,3,1,3,0,0,3,0,1,0,1,0,0,0,0,0,0,0,0,1
0,0,0,0,0,0,0,0,0,0,0,0,0,0,0,0,0,0,0,1,0,0,2,0,0,0,0,0,0,0,0,0,0,1,1,0,0,0,0,0,0,0,0,0,0,0,0,0,3,0,0,0,0,0,0,0,1,0,0,1,0,0,0,0,0,1,0,1,0,0,0,0,1,0,0,2,0,0,0,0,0,0,0,0,0,0,0,0,7,0,0,0,0,0,0,0,0,0,0,0
1,0,4,1,0,0,0,0,0,5,0,0,1,1,1,0,0,0,0,1,0,1,4,1,1,0,0,0,0,0,0,1,0,2,0,0,0,1,0,0,2,0,1,1,1,4,3,0,5,4,10,3,0,0,4,2,0,0,2,0,0,0,0,1,0,7,0,0,1,0,0,1,0,0,1,1,2,0,0,0,0,1,3,4,0,0,1,2,0,0,1,3,0,6,0,0,0,1,0,1
0,0,0,0,0,0,1,0,0,0,0,0,0,1,0,0,0,0,0,0,20,0,0,0,0,0,0,0,1,10,0,0,0,0,2,0,0,1,0,0,0,0,0,0,0,4,0,4,1,0,2,0,0,5,0,0,0,0,0,0,0,0,1,0,0,0,0,0,0,0,0,0,0,0,1,0,2,0,0,0,0,0,0,0,0,0,0,0,0,0,0,0,0,7,0,4,1,0,0,0
2,0,2,0,0,0,0,0,1,4,1,0,0,1,0,2,0,0,0,0,0,0,1,1,1,0,0,1,0,0,0,1,2,1,0,0,0,0,0,0,0,0,0,0,3,0,3,0,10,0,10,0,2,3,0,0,1,1,2,0,0,0,0,4,0,0,0,0,3,2,3,2,0,0,0,0,2,0,1,0,0,0,1,4,0,1,3,0,1,0,0,0,0,0,0,0,0,0,0,1
0,0,1,0,0,0,0,1,0,3,0,0,1,0,0,0,0,0,0,0,1,7,3,0,2,0,0,0,0,1,0,1,0,1,0,0,0,1,1,0,0,0,0,0,0,1,0,0,1,0,2,0,5,0,0,0,1,0,3,0,0,0,0,0,0,3,0,0,0,0,0,0,0,0,0,0,0,0,0,0,0,3,0,1,0,0,0,0,0,0,1,1,0,2,0,0,0,0,0,1
1,0,2,0,0,0,0,0,0,1,0,0,1,0,0,0,1,0,0,0,0,0,1,0,1,0,0,0,0,0,3,1,0,0,2,0,0,4,0,0,0,0,0,0,0,4,1,0,0,0,6,2,2,1,0,0,0,1,2,0,1,0,0,0,0,0,0,0,0,0,0,1,0,4,2,0,2,0,0,0,0,0,0,1,0,0,0,1,0,0,0,0,0,0,2,0,1,1,1,0
0,0,0,0,0,1,0,0,0,0,3,0,0,1,0,0,1,0,0,0,0,0,1,0,0,0,0,0,0,0,0,0,0,2,0,0,0,1,0,1,0,0,0,0,0,0,0,0,3,0,0,0,0,0,0,0,0,0,0,0,0,0,0,1,0,0,0,0,0,1,5,1,0,0,0,1,1,0,2,1,0,0,0,0,0,3,0,0,1,0,0,0,0,0,0,0,0,4,0,0
2,0,0,0,0,1,1,0,1,1,0,0,0,2,0,0,0,1,1,0,0,2,1,0,1,1,0,0,1,0,0,2,1,1,1,0,0,1,1,0,0,0,0,0,0,0,1,0,3,0,14,0,2,0,1,1,0,0,2,0,1,1,0,2,0,3,1,0,0,2,1,2,0,0,1,0,3,0,0,0,0,1,3,2,0,0,2,0,0,0,1,1,0,1,0,0,0,1,1,0
0,0,0,1,0,0,1,1,0,0,0,0,0,12,0,0,2,1,0,0,0,0,0,0,0,0,1,0,1,0,0,0,1,2,2,0,0,0,0,0,0,0,0,1,2,0,0,0,3,1,3,0,14,1,0,1,2,4,0,0,0,0,1,1,0,1,2,1,0,4,7,1,0,0,2,1,8,0,0,1,0,0,3,1,0,0,1,0,0,0,0,0,0,0,0,0,2,4,0,1
0,0,0,0,0,1,0,0,0,0,0,0,0,0,0,0,0,0,0,0,0,2,2,0,0,0,0,6,0,0,0,0,0,0,0,0,0,0,0,1,0,0,0,2,0,0,1,0,2,0,0,0,0,0,0,0,0,0,0,0,0,0,0,1,0,0,0,0,0,1,0,2,0,0,0,0,1,0,1,0,0,0,0,0,0,2,0,5,1,0,0,0,0,0,0,0,0,0,0,0
0,1,0,0,0,0,0,0,0,1,0,1,2,0,0,0,0,0,0,6,0,0,0,0,0,0,0,0,0,0,0,0,0,0,2,1,0,0,0,0,1,0,0,0,0,0,0,0,0,0,0,0,0,0,0,1,1,1,0,0,0,0,0,1,0,0,0,1,0,0,1,0,0,0,0,4,0,0,0,0,0,0,0,0,0,0,0,0,0,0,1,1,0,0,0,0,0,0,0,1
0,0,0,0,0,0,0,0,0,0,0,0,0,1,0,0,0,0,0,0,0,0,2,0,0,0,0,0,0,0,0,0,0,1,1,0,0,1,0,0,0,1,0,0,0,0,0,1,2,0,0,0,1,0,0,0,0,0,0,0,0,0,1,0,0,0,0,1,1,0,0,0,0,0,1,0,1,0,0,0,0,0,0,0,0,0,0,0,0,0,0,1,0,1,1,0,2,0,0,0
0,0,0,0,0,0,0,0,0,1,0,0,0,2,0,0,0,0,0,1,0,0,2,2,0,0,0,0,0,0,0,0,0,2,0,2,0,0,0,1,0,0,0,0,0,0,4,0,5,1,1,0,0,1,0,0,0,0,0,2,3,0,0,4,0,0,1,2,2,1,0,0,0,0,0,1,1,0,1,0,0,0,4,0,0,0,0,0,1,0,0,0,0,0,0,0,0,2,3,1
0,0,1,0,0,0,0,0,0,0,0,0,0,2,0,0,1,0,0,0,0,0,0,0,1,0,2,0,0,0,0,0,1,0,1,1,0,1,0,0,0,0,0,0,0,0,1,0,2,0,0,0,3,1,0,1,0,1,0,0,2,0,0,1,0,0,0,1,0,1,1,2,0,0,0,0,3,0,1,0,0,0,1,0,0,0,1,0,0,0,0,0,0,1,0,0,0,1,1,0
0,0,0,0,0,0,0,0,0,0,0,0,0,3,0,0,0,0,2,0,0,0,2,0,0,0,2,0,0,0,0,0,0,0,1,0,0,0,0,0,0,0,0,0,0,0,0,0,0,0,0,0,2,2,0,0,1,1,0,0,2,0,1,2,0,0,0,0,0,4,0,1,0,0,0,1,2,0,1,0,0,0,1,1,0,0,0,0,0,0,0,0,0,0,0,0,0,0,2,0
0,1,3,0,0,0,0,0,0,3,2,0,0,1,0,1,0,0,0,6,0,0,1,0,0,0,0,1,0,0,0,0,0,4,0,0,0,0,0,1,0,0,0,0,0,0,0,0,3,0,4,1,0,0,0,1,2,1,0,0,0,0,0,1,1,0,0,0,2,0,0,6,0,0,0,0,0,0,0,0,0,0,0,2,0,0,0,0,2,0,0,2,0,0,0,0,0,1,0,3
0,0,0,0,0,2,0,0,0,0,0,1,0,0,3,0,0,0,1,0,0,6,4,1,0,0,0,1,0,0,1,1,0,1,0,0,8,0,4,0,0,1,0,0,0,0,0,0,1,0,0,0,0,0,0,0,0,0,0,0,0,0,1,0,0,0,0,2,1,0,0,0,0,0,0,0,0,5,0,0,1,0,0,0,0,0,0,4,0,0,0,10,4,1,0,1,0,1,0,0
0,0,0,0,0,0,0,0,0,0,3,0,0,0,0,0,0,0,0,0,0,0,1,0,0,1,0,1,0,0,0,0,0,0,0,0,0,0,0,0,0,0,0,0,0,0,0,0,0,0,1,0,0,0,0,0,0,0,0,0,0,0,0,0,0,0,1,0,0,1,0,1,0,0,0,0,0,0,1,0,5,0,0,0,0,0,0,0,2,0,0,0,0,0,0,0,0,0,0,0
0,2,0,0,0,0,1,0,1,0,1,2,0,1,0,0,0,1,0,0,0,0,4,1,0,1,0,3,1,0,0,0,0,0,0,0,0,0,0,1,1,0,0,0,0,0,6,0,6,0,2,0,1,0,0,0,0,0,0,1,2,0,0,0,0,1,0,0,1,1,2,0,5,0,0,1,2,0,1,0,0,0,0,1,0,2,0,2,0,0,0,1,0,0,0,0,0,0,0,1
0,0,0,0,0,0,0,0,1,5,0,0,0,0,1,0,0,0,0,0,0,0,3,0,0,0,0,0,0,0,0,2,0,0,0,0,0,0,0,0,0,0,0,0,2,0,0,0,5,0,2,0,0,0,0,0,1,0,0,1,0,0,0,2,0,1,0,0,0,0,0,1,2,0,0,0,0,0,0,0,0,0,1,2,0,0,1,0,0,0,0,0,0,0,0,0,0,0,0,0
0,0,2,0,0,0,0,0,0,0,0,0,0,1,1,0,0,0,1,1,0,3,1,0,0,0,1,0,1,0,0,0,1,0,1,0,0,2,3,0,1,0,0,0,0,0,1,0,1,2,4,1,3,3,0,0,0,2,0,0,0,1,2,1,0,1,0,0,0,0,0,0,0,0,2,0,3,0,0,0,0,0,0,0,0,0,4,0,0,0,0,0,0,0,0,0,0,0,0,0
1,0,0,1,0,1,0,2,1,0,1,0,0,1,0,1,0,1,4,1,0,3,3,0,0,1,2,0,0,0,0,0,2,0,0,0,0,0,1,0,0,0,0,0,0,1,2,0,3,0,4,0,2,1,4,0,0,1,0,0,1,0,1,2,0,2,0,0,0,2,1,1,0,0,0,1,2,0,1,0,0,0,1,1,0,1,2,0,0,0,0,1,3,0,0,0,1,0,1,0
2,0,4,0,0,0,0,1,1,8,0,1,1,1,1,0,0,0,0,0,0,0,4,2,2,1,0,0,1,0,0,1,1,0,2,0,1,1,0,1,0,0,0,1,0,0,2,0,2,0,12,0,3,0,0,1,1,0,2,1,0,0,0,1,0,1,0,0,0,1,1,1,1,0,1,0,3,1,0,0,1,1,1,3,0,0,1,0,0,0,1,0,0,3,1,0,0,0,0,0
0,1,0,0,0,0,0,0,0,1,1,0,0,0,0,0,0,0,0,0,0,0,0,0,0,0,0,1,0,0,0,0,1,0,1,0,0,0,0,0,2,0,0,0,0,0,1,0,5,1,0,0,0,3,0,1,0,2,0,0,1,0,0,1,0,0,0,0,0,0,0,0,0,0,0,0,1,0,0,0,2,0,0,0,0,0,1,0,0,0,0,0,0,0,0,0,0,0,0,0
0,0,0,0,0,0,0,0,0,0,0,0,0,0,0,0,0,0,0,1,0,0,0,0,0,0,0,0,0,0,0,0,0,0,0,0,0,0,0,0,0,0,0,0,0,0,0,0,0,0,0,0,0,0,0,0,1,0,0,0,0,0,0,0,1,0,0,0,0,0,0,0,0,0,0,1,0,0,0,0,0,0,0,0,0,0,0,0,0,0,0,0,0,0,0,0,0,1,0,0
0,0,0,1,0,0,0,0,0,0,0,0,0,0,2,0,0,0,0,0,0,0,0,0,0,0,0,0,0,0,1,0,0,0,0,0,0,0,0,0,0,1,0,0,0,0,0,1,0,0,0,0,0,1,1,0,0,1,0,0,0,0,0,0,0,0,0,1,0,0,0,0,0,0,0,1,0,2,0,0,0,0,0,0,0,0,0,0,0,0,0,0,0,0,0,0,0,0,0,0
1,0,0,0,0,1,1,2,0,0,0,1,0,0,0,1,0,1,2,1,0,4,1,0,0,3,0,0,0,0,0,0,0,0,1,0,0,0,2,0,0,0,0,0,0,0,0,0,0,0,4,0,2,0,0,1,1,0,1,0,0,0,1,0,0,1,0,0,1,1,1,0,0,0,1,1,3,0,0,0,0,0,0,1,0,0,0,0,0,0,0,0,2,1,0,0,1,1,0,0
0,0,2,1,0,0,0,0,0,6,0,0,0,0,1,1,0,0,0,0,0,1,4,0,1,0,0,0,0,0,1,0,0,0,0,1,0,0,0,0,0,1,0,0,0,0,0,0,2,0,1,0,0,0,0,0,1,0,0,0,0,0,0,0,1,1,0,1,1,0,0,0,0,0,0,0,0,1,0,0,0,0,0,2,0,0,0,0,0,0,0,0,0,3,0,0,0,0,0,0
4,0,0,0,0,0,0,0,0,0,0,0,0,3,0,0,1,2,0,0,0,0,0,0,2,0,0,0,1,0,0,0,3,0,1,0,0,0,0,0,0,0,0,1,0,0,0,0,1,0,5,0,9,0,0,1,1,0,2,0,0,0,0,2,0,1,0,0,0,2,2,0,1,0,0,0,3,0,0,0,0,0,0,2,0,0,0,0,0,0,0,0,1,0,0,0,0,0,0,0
0,0,0,0,0,1,0,0,0,0,0,0,0,0,0,0,0,0,2,0,23,2,0,0,0,1,0,0,0,12,0,0,0,0,0,0,0,0,1,0,0,0,0,0,0,0,0,0,1,0,0,0,0,2,0,0,0,1,0,0,0,0,1,1,0,0,0,0,0,0,0,0,0,0,0,1,1,0,0,0,0,0,0,1,0,0,0,0,0,0,0,0,0,3,0,0,0,0,0,0
1,0,0,0,0,0,0,1,1,0,0,0,0,0,0,0,0,0,0,0,5,0,0,0,0,0,0,0,0,2,0,0,0,0,0,0,0,0,0,1,0,0,0,0,0,0,0,0,0,0,1,0,0,0,0,0,0,0,0,0,0,0,0,0,0,0,0,0,0,0,0,0,0,0,0,0,0,0,0,0,0,0,0,0,0,0,0,0,0,0,0,0,0,1,0,0,0,0,0,0
0,0,0,0,0,0,0,0,0,0,0,0,1,0,0,0,0,0,0,1,0,0,0,0,1,1,0,0,0,0,0,0,1,0,0,0,0,0,0,0,0,0,0,0,0,0,1,0,2,0,1,0,0,2,0,0,0,0,0,0,1,8,0,0,0,0,0,0,0,0,0,0,1,0,0,1,0,0,0,0,2,0,0,0,0,0,1,0,1,0,0,0,0,0,0,0,0,2,0,0
0,0,1,0,0,0,0,1,0,0,0,0,0,0,0,0,1,0,0,0,0,12,4,0,0,0,0,0,0,0,0,0,0,0,0,0,0,0,2,0,0,0,0,0,0,0,0,1,0,0,1,0,0,0,0,0,0,0,0,0,0,0,1,0,0,1,0,0,0,0,0,0,0,0,0,5,0,0,0,0,0,0,0,0,0,0,0,0,0,0,0,0,0,9,1,0,2,0,0,1
2,0,0,0,0,0,1,0,0,0,0,0,0,2,0,0,1,1,2,0,0,2,0,0,0,0,4,0,0,0,0,0,2,0,0,0,0,0,1,0,0,0,0,0,0,0,0,0,1,0,3,0,2,0,0,1,0,0,2,0,0,0,0,1,0,0,0,0,0,2,1,0,0,0,0,0,3,0,1,0,0,0,0,0,0,0,0,0,0,0,0,0,0,2,1,0,0,0,3,0
2,0,0,0,0,0,0,0,0,0,0,0,0,0,0,0,0,0,0,0,0,0,0,0,1,0,0,0,0,0,0,0,0,0,1,0,0,0,0,0,0,0,0,0,0,0,0,0,3,0,5,0,1,1,0,0,1,2,2,0,0,0,0,0,0,0,0,0,1,1,1,0,0,0,0,0,0,0,0,0,0,0,0,0,0,0,0,0,0,0,0,0,0,0,0,0,0,0,0,0
3,0,3,0,0,0,1,2,0,0,0,0,0,2,0,0,2,0,2,0,0,1,1,1,3,1,0,0,1,0,0,0,1,3,1,0,1,1,0,0,0,1,0,0,0,0,0,0,2,1,13,0,4,0,3,1,0,0,2,0,0,0,1,0,0,2,0,0,1,0,0,1,0,0,1,0,6,0,0,1,0,0,0,4,0,0,0,0,0,0,0,1,2,2,1,0,1,3,0,0
1,0,1,0,0,0,1,1,1,3,0,0,0,8,0,0,1,1,1,0,0,1,5,0,3,0,0,2,1,0,0,0,0,0,0,0,0,0,0,0,0,0,0,1,1,0,4,0,4,0,14,0,9,0,1,0,3,0,1,0,0,0,0,0,0,4,1,1,0,4,5,0,0,0,2,0,5,0,0,0,0,0,1,4,0,0,3,0,0,0,0,0,0,1,0,0,0,0,0,0
0,0,1,0,0,0,1,2,0,1,0,1,0,2,0,1,1,0,0,0,0,1,0,0,3,0,1,0,1,0,1,1,0,2,0,0,0,0,0,0,0,1,0,0,0,0,0,0,2,0,3,0,2,0,0,0,0,0,0,0,1,0,0,0,0,0,0,0,1,0,0,0,0,0,0,0,2,0,0,0,0,0,1,3,0,0,0,0,0,1,0,2,0,0,0,0,1,1,1,0
0,0,0,1,0,1,0,0,0,0,0,0,0,0,1,0,0,0,0,0,0,0,2,0,0,0,0,0,0,0,1,0,0,0,0,0,0,0,0,0,1,0,0,0,0,0,0,0,0,0,0,0,0,0,1,0,0,0,0,0,0,0,0,0,0,0,0,0,0,0,0,0,0,0,0,0,0,2,0,0,0,1,0,0,0,0,0,0,0,0,1,0,0,0,0,0,0,0,0,0
0,0,0,0,0,0,0,1,1,5,17,0,0,0,0,3,0,0,1,0,11,1,6,1,0,0,0,0,0,21,0,2,2,0,0,0,0,0,0,4,0,0,0,0,0,0,1,0,10,0,3,0,2,0,0,1,1,1,1,0,2,0,0,0,0,0,1,0,0,1,1,0,0,0,0,0,3,0,2,0,0,0,0,2,0,0,1,0,5,0,0,0,0,0,0,0,0,0,0,0
0,0,0,0,1,10,0,0,0,0,0,0,0,0,0,0,0,0,0,0,0,1,0,0,0,0,1,1,0,0,0,0,0,0,0,0,0,0,0,0,0,0,1,0,0,2,0,0,0,0,0,0,5,0,0,0,3,0,0,1,0,0,0,0,0,0,0,0,1,0,0,0,0,0,0,0,1,0,0,0,0,0,0,0,0,0,0,0,0,0,0,0,1,0,0,0,0,1,0,0
1,0,0,0,0,2,0,0,0,1,0,0,1,0,0,0,0,0,1,0,0,1,0,0,1,0,2,0,0,0,0,0,1,1,0,1,0,0,0,0,0,0,0,0,0,0,0,0,0,0,1,0,2,0,0,0,0,0,0,0,0,14,0,0,0,2,0,0,0,2,1,0,0,0,0,0,2,0,2,1,0,0,0,0,0,0,0,0,0,1,0,1,3,1,0,0,0,0,0,0
0,0,0,0,0,1,0,0,0,0,0,0,1,0,0,0,0,0,1,0,0,0,1,0,1,1,0,1,0,0,0,1,0,0,0,0,0,0,0,1,1,0,0,0,0,0,0,0,1,0,0,0,0,0,0,0,0,0,0,0,0,0,0,0,0,1,0,0,0,0,0,0,0,0,0,0,0,0,0,0,0,0,0,0,0,4,0,0,0,0,0,0,0,0,0,0,0,0,2,0
1,0,1,0,0,0,0,0,0,0,0,0,0,0,0,0,0,0,0,1,0,0,0,0,0,0,0,0,0,0,0,0,1,0,0,0,0,0,0,0,0,1,0,0,0,0,1,0,1,0,0,0,1,1,0,0,0,1,0,0,0,0,0,3,0,0,0,0,1,0,0,0,0,0,0,1,2,0,0,0,0,0,1,0,1,0,2,0,0,0,0,0,0,0,0,1,0,0,0,0
0,0,0,0,0,0,0,0,0,1,0,1,0,0,0,0,0,0,0,0,0,0,1,0,0,0,0,0,0,0,0,0,0,1,0,0,0,0,0,0,0,0,1,0,0,0,0,0,3,0,0,0,0,0,0,0,0,1,0,2,0,0,0,2,1,0,0,0,0,0,0,1,0,0,0,2,0,0,0,0,0,0,0,0,0,0,0,0,0,10,0,0,0,0,0,0,0,0,0,0
0,0,0,0,0,0,0,0,0,0,0,0,0,0,0,0,0,0,0,0,0,3,2,0,0,0,0,1,0,0,0,0,0,0,0,0,1,0,1,0,0,0,0,0,0,0,0,0,0,0,1,0,0,0,0,0,0,0,0,0,0,0,0,0,0,0,0,0,0,0,0,0,0,0,0,1,0,0,0,0,0,0,0,0,0,0,1,0,0,0,0,0,0,0,0,0,0,0,0,0
2,1,0,1,0,0,0,3,0,3,1,0,0,3,0,0,0,0,1,0,6,0,2,0,0,1,0,0,0,1,0,0,0,3,1,0,0,0,0,0,0,0,0,0,3,0,0,0,6,0,15,2,5,0,0,0,2,0,1,1,0,0,0,1,0,3,1,0,0,2,1,1,2,0,0,0,3,0,0,0,0,0,2,2,0,0,0,0,1,0,0,0,0,1,0,0,0,4,0,0
0,1,0,2,0,8,3,0,0,4,0,5,0,1,0,0,3,0,4,0,0,5,1,0,4,0,1,0,1,0,0,0,0,1,2,1,0,0,2,0,0,0,0,0,0,1,0,0,1,0,6,3,5,0,1,1,0,0,3,0,3,1,1,0,0,0,0,0,0,3,0,2,1,0,2,0,4,0,1,1,0,0,0,1,0,0,1,0,0,0,0,0,0,4,0,0,1,1,1,0
2,0,0,0,0,0,3,0,0,0,0,0,0,0,0,0,0,0,1,1,0,0,0,0,3,0,2,0,0,0,0,0,2,1,1,0,0,0,0,0,0,0,0,0,0,0,0,0,1,0,6,0,4,1,0,1,0,1,0,0,0,0,0,1,0,0,0,0,0,0,0,1,0,0,0,1,5,0,0,0,0,0,0,1,0,0,0,0,0,0,0,0,0,0,0,0,1,0,3,0
1,1,1,1,0,0,1,1,0,1,0,0,0,0,0,0,1,0,2,0,0,2,1,0,3,0,1,0,0,0,0,1,0,0,1,1,0,0,0,0,0,1,1,0,0,0,0,0,2,0,5,0,4,2,1,0,3,1,1,0,0,0,1,0,1,0,2,0,1,0,0,0,0,0,0,0,2,0,0,0,0,1,1,0,0,0,1,0,0,0,0,0,1,0,3,0,4,9,1,0
0,0,0,1,1,0,0,0,0,0,0,0,0,3,1,0,2,0,1,0,0,1,1,0,0,0,3,0,0,0,0,0,0,0,0,0,0,0,0,0,0,1,3,0,0,0,0,0,1,0,0,0,0,1,0,0,0,0,0,0,0,0,0,0,0,0,0,0,0,0,1,0,0,0,0,0,0,2,0,0,0,0,0,0,0,0,0,0,0,0,0,1,0,1,0,0,0,0,5,0
0,0,0,0,0,1,0,0,0,0,0,0,0,0,1,0,1,0,1,0,0,0,3,0,0,0,0,0,0,0,3,0,0,0,0,0,0,0,0,0,0,2,1,0,0,0,0,0,0,0,0,0,0,0,0,0,0,0,0,0,0,0,0,0,0,0,0,0,0,0,0,0,0,0,0,0,0,4,0,0,0,0,0,0,1,0,1,1,0,0,0,0,0,1,0,1,0,2,0,0
0,0,2,0,0,0,0,0,0,9,0,0,1,0,0,2,1,0,0,0,0,0,1,0,0,0,0,0,0,0,0,1,0,0,0,1,0,0,0,0,0,0,1,0,0,0,1,0,5,4,4,2,1,0,0,1,0,0,0,0,0,0,0,1,3,0,0,0,1,0,0,1,1,0,0,1,2,0,0,1,0,1,1,2,0,0,0,2,1,0,1,0,0,0,0,0,0,0,0,0
0,0,0,0,0,0,0,2,1,0,0,0,0,0,1,0,0,0,0,0,0,1,1,0,1,0,0,0,0,0,0,0,0,2,0,0,0,0,0,1,2,0,0,1,1,0,3,0,4,1,5,0,0,0,0,0,1,0,0,1,1,0,0,0,0,5,1,0,1,0,0,0,0,0,0,1,0,3,0,0,0,0,0,2,0,0,1,1,0,0,0,0,0,0,0,0,0,0,0,1
0,0,0,0,0,0,0,0,0,0,0,0,0,0,0,0,0,0,0,1,0,0,0,0,0,0,0,0,0,0,0,0,0,0,0,0,0,0,0,0,0,0,0,0,0,0,0,0,1,0,0,0,0,0,0,0,0,1,0,1,0,0,0,0,0,0,0,0,0,0,0,0,0,0,0,1,0,0,0,0,0,0,0,0,0,0,0,0,0,12,0,0,0,0,0,0,0,1,0,0
0,0,1,0,0,0,0,0,0,0,0,0,0,1,8,0,0,0,0,1,0,0,0,0,0,1,0,0,1,0,0,0,0,1,0,0,0,0,0,0,0,1,0,0,0,0,0,3,6,0,0,0,1,2,0,11,0,1,0,2,0,0,0,1,0,0,0,0,1,0,0,0,0,0,0,8,0,2,0,0,0,0,0,0,5,0,1,1,0,0,0,2,1,1,0,3,0,0,0,0
0,0,0,0,0,0,0,0,0,2,1,0,0,0,0,0,0,0,0,0,0,0,2,0,0,1,0,0,0,0,0,1,1,0,0,0,0,0,0,0,0,0,0,0,0,1,1,0,2,0,2,0,0,0,0,1,1,0,0,0,0,0,1,2,0,0,0,0,0,0,0,0,2,0,0,0,1,0,0,1,1,0,1,2,0,0,0,0,0,0,0,0,0,0,0,0,0,0,0,0
0,0,0,1,1,0,0,0,1,0,0,0,1,0,1,0,0,0,0,0,0,4,2,0,0,0,0,0,0,0,1,0,0,0,0,0,0,0,0,0,1,0,0,1,0,0,0,1,0,0,0,0,0,0,0,0,0,0,0,1,0,0,0,0,1,0,0,2,0,0,0,0,0,0,0,2,0,3,0,0,0,1,0,0,1,0,0,0,0,0,0,1,0,6,0,0,0,0,0,1
0,0,0,2,0,0,0,0,0,0,0,0,0,0,1,0,0,0,0,0,0,2,4,0,0,0,0,0,0,0,2,0,0,0,0,0,0,0,0,0,0,1,0,0,0,1,0,0,1,0,0,0,0,2,1,1,0,1,0,1,0,0,1,0,0,0,0,0,1,0,0,0,0,0,1,2,1,1,0,0,0,0,0,0,1,0,0,0,0,0,0,0,0,3,0,2,1,0,0,0
0,0,0,0,0,0,0,0,0,0,0,0,0,0,2,0,0,0,1,0,0,2,0,0,0,0,0,0,0,0,0,0,0,0,0,0,1,0,0,0,0,0,0,0,0,0,0,0,0,0,0,0,0,0,0,0,0,0,0,0,0,0,0,0,0,0,0,1,0,0,1,0,0,0,0,0,0,1,0,0,0,0,0,0,0,0,0,0,0,0,0,0,1,1,0,0,0,0,1,0
0,0,0,1,0,0,0,2,0,2,0,0,1,0,0,0,0,0,0,0,0,0,2,0,0,0,0,0,0,0,0,1,1,0,0,0,0,0,0,0,0,1,1,0,0,0,0,0,0,0,0,0,0,0,0,0,0,0,0,0,0,0,0,1,0,0,0,1,0,0,0,0,0,0,0,1,0,0,0,1,0,0,0,1,0,0,0,1,0,0,0,0,0,2,0,0,1,0,0,0
0,0,0,0,5,0,0,0,5,0,0,0,0,0,0,1,1,0,0,0,0,11,2,0,0,0,0,0,0,0,2,0,0,2,0,0,0,0,0,0,1,0,2,1,0,0,0,0,3,1,0,0,0,2,0,0,0,1,0,0,1,0,1,0,0,2,0,0,4,0,0,2,0,0,0,0,0,2,0,0,0,0,0,0,1,0,5,2,2,0,0,2,0,0,0,0,0,5,0,0
1,0,0,0,0,21,0,3,0,0,0,0,0,0,0,3,0,3,2,0,0,2,2,0,2,3,2,0,0,0,0,1,0,0,0,2,0,0,2,0,0,0,0,0,0,0,0,0,0,0,1,0,0,0,0,0,0,0,0,0,0,4,1,0,0,0,1,0,0,0,0,0,1,0,0,0,0,0,0,1,0,0,0,0,0,0,0,0,0,0,0,0,0,0,0,0,0,0,0,1
0,0,0,0,0,0,0,0,0,0,0,0,0,0,0,0,0,0,0,1,2,0,0,0,2,0,0,0,0,0,0,0,0,0,0,0,0,0,0,0,0,0,0,0,0,0,1,0,0,0,3,0,1,1,0,0,0,1,1,0,1,0,0,1,1,0,0,0,0,0,1,0,0,0,0,0,2,0,0,0,0,0,1,0,0,0,1,0,0,0,0,0,0,0,0,0,0,0,0,0
0,0,1,0,0,0,6,0,2,0,7,5,0,3,0,2,0,0,0,5,0,0,0,0,3,0,0,0,0,0,0,0,0,3,0,0,0,0,0,7,1,0,0,0,0,0,3,0,12,0,7,0,19,0,0,2,2,1,1,0,0,0,0,0,0,0,1,1,0,0,1,0,0,0,1,4,21,0,1,0,0,0,0,1,1,0,0,0,0,1,0,0,0,0,0,0,0,0,0,0
2,0,4,2,1,0,0,0,0,0,0,0,0,0,1,0,0,0,0,0,0,3,2,0,0,0,0,0,0,0,0,0,0,2,0,0,0,1,0,0,1,3,1,0,0,0,1,1,2,0,0,0,1,0,3,0,0,0,1,0,0,0,1,0,0,0,0,0,3,0,1,0,0,0,1,1,0,1,0,0,0,0,0,0,0,0,0,0,0,0,0,4,0,6,0,0,1,0,0,0
0,1,3,0,0,0,0,0,0,1,0,0,0,0,0,0,0,1,0,0,0,0,0,0,0,1,0,0,0,0,0,0,0,0,0,6,0,0,0,0,0,0,1,0,1,0,2,0,5,0,0,0,0,2,0,0,0,1,0,1,0,0,0,1,1,0,0,0,1,0,0,0,1,0,0,0,0,0,0,1,0,0,0,0,1,0,1,0,0,0,0,0,0,0,0,0,0,0,0,0
0,0,0,0,0,0,2,1,1,1,0,0,0,0,0,0,0,0,0,2,0,0,0,0,0,0,0,0,0,0,0,0,0,0,2,1,0,0,0,0,0,0,0,0,0,0,1,0,5,0,2,0,3,0,0,0,0,0,0,0,0,0,0,1,1,0,0,0,1,1,0,0,1,0,0,3,3,1,1,0,0,0,0,1,0,0,2,0,0,0,0,0,0,0,0,0,0,0,0,0
1,0,1,0,0,0,0,0,1,4,0,1,0,1,0,0,0,0,1,0,0,0,3,0,0,1,0,0,0,1,0,0,0,1,0,0,0,0,0,0,1,0,0,0,0,0,3,0,7,0,21,1,1,0,1,1,0,0,1,0,0,0,0,2,0,3,0,3,0,0,0,1,5,0,0,0,1,0,0,0,0,0,1,3,0,0,3,0,0,0,0,0,0,0,0,0,0,1,0,1
0,0,2,1,0,0,0,0,0,18,0,1,3,3,0,0,0,2,0,0,0,0,0,0,0,0,0,0,0,0,0,0,0,2,0,6,0,0,0,3,0,0,0,0,0,0,0,0,3,0,0,1,0,1,0,0,1,1,1,0,0,0,0,1,0,0,2,0,0,0,0,0,3,0,0,0,0,0,0,0,0,0,0,1,1,0,0,0,0,0,0,2,0,0,0,0,0,1,0,0
1,0,0,0,0,0,0,0,0,0,0,0,0,0,0,0,0,0,0,0,5,0,0,0,5,0,1,0,0,0,0,0,0,0,1,0,0,0,0,0,0,0,0,0,0,0,0,0,0,0,5,0,3,0,0,0,0,0,4,0,0,0,0,0,0,0,0,0,0,0,0,0,0,0,0,0,4,0,0,0,0,0,0,1,0,0,0,0,0,0,0,0,0,0,0,0,0,0,0,0
0,0,0,0,0,0,0,0,0,2,0,0,0,0,0,1,0,0,0,0,0,0,1,0,0,0,0,0,0,0,0,0,0,1,0,0,0,0,0,0,1,0,1,0,0,0,1,1,3,1,0,0,0,1,0,0,0,0,0,0,0,0,0,1,0,0,0,0,3,1,1,0,0,0,0,1,1,2,0,0,0,0,0,1,0,0,1,2,0,0,0,0,0,0,0,0,0,0,0,0
0,1,0,0,0,0,1,0,0,0,0,0,0,2,0,0,0,0,0,0,0,0,3,0,0,0,1,4,0,0,0,0,0,2,0,0,0,0,0,0,2,1,1,0,0,0,1,0,1,0,0,0,1,0,0,0,1,0,1,1,0,0,0,0,0,0,0,1,0,1,0,1,0,0,0,0,1,0,1,0,0,1,0,0,0,1,0,1,1,0,0,0,0,0,0,0,1,4,1,0
1,1,2,0,0,0,2,0,1,3,0,0,0,0,0,0,3,0,0,0,0,5,3,1,0,0,0,0,1,0,0,0,0,1,1,0,0,2,2,0,0,4,0,0,0,1,0,0,1,0,4,0,2,0,0,1,0,0,2,0,0,0,1,0,0,0,0,0,0,2,1,0,0,0,3,0,4,1,1,1,0,0,0,1,0,0,0,0,0,0,0,0,0,7,1,0,4,0,0,0
0,0,0,1,0,0,1,0,0,2,0,0,1,2,0,2,0,0,1,0,0,1,6,0,0,0,0,0,0,0,0,1,1,0,0,0,0,0,0,0,0,0,0,0,0,1,0,0,2,0,0,0,0,0,1,0,0,0,0,1,0,0,0,0,0,3,0,0,0,0,1,1,0,0,0,1,0,0,0,0,0,1,1,2,0,0,0,0,0,0,1,0,0,3,0,0,0,0,0,0
0,0,1,1,5,0,0,0,0,0,0,0,0,0,0,0,0,0,0,0,0,0,2,0,0,0,0,0,0,0,0,0,0,0,0,0,0,0,0,0,0,1,1,1,0,0,0,1,1,0,0,0,0,1,0,0,0,0,0,1,0,0,0,0,0,0,0,0,1,0,0,0,0,0,0,6,0,2,0,0,0,0,0,0,2,0,0,0,0,0,0,0,0,3,0,1,0,0,0,0
0,0,2,1,0,0,0,0,1,5,0,0,0,1,1,1,0,0,0,0,0,0,3,0,0,0,0,0,0,0,0,2,0,0,0,7,0,0,0,2,0,0,0,0,0,0,3,0,3,0,3,0,1,0,1,1,2,0,0,0,0,0,0,2,1,0,0,0,2,0,0,0,0,0,0,0,2,1,0,0,0,1,2,3,0,0,2,0,1,0,1,0,0,0,0,0,0,0,0,0
0,0,0,0,0,0,1,0,1,0,0,1,0,3,0,0,0,0,3,0,0,1,2,0,0,0,4,1,0,0,0,0,0,0,0,0,1,1,0,0,1,1,0,0,0,0,1,0,2,0,2,0,5,2,0,1,1,1,1,1,0,0,1,0,0,0,1,0,1,2,0,0,0,0,0,0,4,0,1,0,0,0,0,0,0,0,0,0,0,2,0,0,2,1,2,0,1,2,5,0
1,0,1,0,0,0,1,0,0,0,0,0,1,1,0,1,0,0,2,0,0,5,2,0,1,1,0,0,0,0,0,1,0,0,1,0,0,1,1,0,0,1,0,0,0,0,0,0,1,0,2,0,2,0,0,0,0,0,1,0,0,1,0,0,0,0,0,0,0,1,0,0,0,0,1,0,2,0,0,0,0,1,0,1,0,0,0,0,0,0,1,0,0,3,0,0,3,0,0,0
0,0,0,0,0,0,3,0,0,0,0,4,1,1,0,1,0,0,1,0,0,0,2,0,0,0,0,1,0,0,0,0,0,1,0,0,0,0,0,0,0,2,0,1,0,1,0,0,3,0,1,0,3,0,4,1,0,0,1,1,1,0,0,3,2,0,0,1,0,0,0,0,0,0,0,0,4,6,0,1,0,1,0,1,0,2,0,0,4,11,1,3,0,0,0,0,1,0,2,0
0,0,2,0,0,0,0,0,0,5,0,0,1,1,0,4,0,0,0,0,0,0,3,0,5,0,0,0,0,0,0,0,0,0,0,0,0,0,0,0,0,0,0,0,0,1,1,0,10,1,8,0,2,0,3,0,0,0,1,0,0,0,0,2,0,3,0,1,3,0,0,0,0,0,0,0,1,0,0,0,0,1,1,5,0,0,1,1,0,0,1,0,0,1,0,0,0,0,0,0
1,0,0,0,0,0,0,1,0,0,0,0,0,0,0,0,0,2,2,0,0,4,3,1,0,0,0,0,0,0,0,0,0,1,0,0,1,0,0,0,0,0,0,0,0,0,0,0,0,0,9,2,5,0,0,0,2,0,1,0,0,0,0,0,0,0,0,0,0,0,0,0,0,0,0,0,2,0,0,1,0,0,1,0,0,0,0,0,0,0,0,0,1,1,1,0,0,0,0,0
0,0,0,0,0,2,1,0,0,0,0,0,0,0,0,0,0,0,0,0,0,0,0,0,1,0,2,0,0,0,0,0,0,0,0,1,0,0,0,0,0,0,0,0,0,0,0,0,0,0,0,0,1,1,0,1,0,1,0,0,0,5,1,0,0,2,0,0,0,0,0,0,0,0,0,0,2,0,0,0,0,0,0,0,0,0,0,0,0,0,0,0,3,0,0,0,0,2,0,1
1,0,1,0,0,0,0,0,3,2,1,0,0,0,0,0,0,0,1,1,0,0,1,0,3,1,0,1,0,0,0,1,1,0,0,0,0,0,0,0,0,0,0,0,1,0,2,0,3,0,5,1,4,0,1,0,0,0,3,1,0,0,0,1,0,0,0,0,0,3,3,0,5,0,1,1,1,0,1,1,0,0,2,4,0,0,1,1,0,7,0,0,0,0,0,0,0,0,1,0
1,0,0,0,0,0,1,3,0,3,0,0,0,0,0,0,0,0,0,0,0,0,3,3,0,0,0,0,2,0,0,1,1,0,0,0,0,0,0,0,0,0,0,0,0,0,0,0,0,0,7,1,2,0,0,0,1,0,0,0,0,0,0,4,0,2,0,0,0,1,2,2,0,0,1,0,3,0,0,1,0,0,1,1,0,0,0,0,0,0,0,0,0,0,0,0,0,0,0,0
0,0,1,0,0,1,1,0,0,2,0,0,0,7,0,4,0,2,0,0,0,0,0,0,0,1,1,0,0,0,0,0,0,0,0,0,0,0,0,0,0,0,0,0,0,0,1,0,4,1,0,0,1,0,0,0,0,1,0,0,1,0,0,1,0,0,3,2,0,12,4,2,0,0,0,1,0,0,0,0,0,0,4,1,0,1,0,0,0,0,0,3,0,1,0,0,0,0,0,0
0,0,0,1,1,0,0,0,1,6,0,0,1,2,0,4,0,2,2,0,0,0,4,0,1,0,0,0,0,0,0,6,1,0,0,0,0,0,0,0,0,0,0,0,0,1,1,0,4,0,3,0,1,0,2,3,3,0,1,0,1,0,0,2,0,0,0,2,1,1,0,1,0,0,0,0,5,1,1,0,0,2,3,4,0,0,0,0,1,0,1,0,0,1,0,0,0,1,0,0
0,0,0,0,0,0,0,0,0,0,0,0,0,0,4,0,0,0,1,0,0,3,2,0,0,0,1,1,0,0,0,0,0,1,0,0,6,0,0,0,0,2,0,0,0,0,0,1,0,0,0,0,0,0,0,0,0,0,0,0,0,0,0,0,0,0,0,1,0,0,0,0,0,0,0,0,0,0,0,0,0,0,0,0,0,1,0,0,0,0,0,0,0,1,0,1,2,0,1,0
2,2,1,0,0,0,0,0,0,1,0,3,1,0,0,0,0,0,0,0,0,3,0,0,1,0,0,0,1,0,7,0,0,0,0,0,0,1,0,0,1,0,2,0,0,4,0,0,2,0,11,2,2,0,0,0,1,3,2,0,0,0,0,0,0,2,0,0,0,0,0,0,0,7,9,0,2,0,0,1,0,1,0,0,0,0,0,0,0,0,1,0,0,3,0,0,0,1,0,0
2,0,4,0,0,0,1,1,1,0,0,0,1,0,0,1,0,0,0,0,0,1,2,0,2,0,0,0,1,0,0,0,0,0,1,0,0,4,0,0,0,1,0,0,0,2,0,0,0,0,8,0,3,0,1,1,0,0,5,0,1,0,0,0,0,0,0,0,0,0,0,1,1,4,8,0,3,0,0,1,0,0,0,1,0,0,0,0,0,0,0,0,0,6,2,0,1,2,0,1
0,0,0,0,0,0,0,0,0,0,1,0,3,0,0,0,0,0,0,1,0,0,0,0,0,0,0,0,0,0,0,0,0,0,0,0,0,0,0,0,0,0,0,0,0,1,1,0,1,0,0,0,0,1,0,0,0,1,0,0,0,0,0,1,0,0,0,0,0,0,0,0,0,0,0,1,0,0,0,0,0,0,0,0,0,0,0,0,2,0,0,0,0,0,0,0,0,0,1,0
0,0,0,0,0,0,0,0,0,0,0,0,0,0,1,0,0,0,0,1,0,1,0,0,0,0,0,0,0,0,0,0,0,0,0,0,0,0,0,0,0,0,1,0,0,0,0,0,0,0,0,0,0,0,0,3,0,0,0,0,0,0,0,0,0,0,0,0,0,0,0,0,0,0,0,2,0,0,0,0,0,0,0,0,0,0,0,1,0,0,0,0,0,0,0,0,0,0,0,0
0,0,0,0,0,0,0,0,0,0,0,0,0,0,0,0,0,0,0,0,0,0,0,0,0,0,0,0,0,0,0,0,0,0,0,0,0,0,0,0,0,0,0,0,0,0,0,0,0,0,0,0,0,0,0,0,0,0,0,0,0,0,0,0,0,0,0,0,0,0,0,1,0,0,0,0,0,0,0,0,0,0,0,0,0,0,0,0,0,0,0,0,0,0,0,0,0,0,0,0
0,0,0,0,4,0,0,0,0,0,0,3,0,0,0,0,0,0,0,0,4,6,0,0,0,1,0,0,0,3,0,0,0,0,0,0,0,0,0,0,0,0,0,0,0,0,0,0,0,0,0,0,0,1,0,0,0,1,0,0,0,0,0,1,0,0,0,0,0,1,0,0,0,0,0,0,0,0,0,0,0,0,0,0,0,0,0,0,0,0,0,0,0,0,0,0,0,0,0,0
0,0,0,1,0,11,1,0,0,0,0,0,0,0,0,0,0,0,0,0,0,4,1,0,0,1,1,0,0,0,0,0,0,0,0,2,0,0,2,0,0,1,0,0,0,0,0,7,2,0,0,0,0,0,0,1,0,0,0,1,0,1,0,0,0,0,0,0,0,0,0,0,0,0,0,0,1,1,0,0,0,0,0,0,1,1,0,0,0,0,0,1,0,3,0,0,2,0,1,0
1,0,1,0,0,0,0,1,0,0,0,0,0,0,0,0,0,0,2,0,0,0,3,1,0,1,0,0,0,0,0,0,1,2,0,1,0,0,0,0,1,0,0,0,0,1,1,0,3,3,5,2,1,0,0,0,0,0,0,0,0,0,0,0,0,0,0,0,0,0,0,0,0,0,0,0,0,0,0,1,0,0,0,1,0,0,2,0,0,0,0,0,0,0,0,0,0,0,0,1
1,0,1,0,0,0,0,1,0,0,0,0,0,0,0,0,0,0,2,0,0,0,3,1,0,1,0,0,0,0,0,0,1,2,0,1,0,0,0,0,1,0,0,0,0,1,1,0,3,3,5,2,1,0,0,0,0,0,0,0,0,0,0,0,0,0,0,0,0,0,0,0,0,0,0,0,0,0,0,1,0,0,0,1,0,0,2,0,0,0,0,0,0,0,0,0,0,0,0,1
2,0,2,1,1,0,1,3,0,1,0,0,0,1,0,0,1,0,1,1,0,0,1,2,3,0,0,0,1,0,0,1,0,0,1,0,0,2,0,0,0,0,0,1,0,1,0,0,1,0,15,0,6,0,4,1,2,0,2,0,0,0,0,0,0,0,0,0,0,1,1,0,0,0,4,0,6,0,0,1,0,0,0,2,0,0,0,0,0,0,0,0,0,3,0,0,0,0,1,0
2,0,1,0,0,0,0,0,0,1,0,1,1,1,0,0,0,0,0,0,5,0,0,0,2,0,0,0,0,5,0,1,1,0,0,0,0,0,0,0,0,0,0,0,0,2,0,0,1,0,11,0,2,1,0,0,0,1,2,0,0,0,0,0,0,0,0,0,0,1,1,0,0,0,1,0,3,0,0,0,0,0,0,2,0,0,0,0,0,0,0,0,0,1,0,0,0,0,0,0
0,0,0,0,0,0,0,0,1,1,1,0,0,0,0,2,0,0,0,0,0,0,0,0,0,0,0,0,0,3,0,0,0,0,0,0,0,0,0,0,0,0,2,0,0,0,0,0,6,0,0,0,0,0,0,0,0,0,0,0,0,0,0,0,1,0,0,2,1,0,0,0,0,0,0,1,0,0,0,0,0,0,0,1,1,0,1,1,0,0,0,1,0,0,0,0,0,0,0,0
0,1,1,0,0,0,0,0,1,8,0,0,0,0,0,1,0,0,0,0,0,0,2,0,0,0,0,0,0,0,0,0,0,1,0,1,0,0,0,0,0,0,0,0,3,0,2,0,10,0,1,0,0,0,0,0,3,0,0,2,0,0,0,4,3,0,0,0,2,2,0,0,1,0,0,1,0,0,0,0,0,2,1,2,1,0,4,0,1,0,2,0,0,0,0,0,0,0,0,1
2,0,0,0,0,2,0,0,0,0,0,0,0,1,0,0,0,0,0,0,12,0,0,0,0,0,0,0,0,3,0,0,0,0,0,0,0,0,0,0,0,1,0,0,0,0,0,0,1,0,2,0,2,1,0,0,0,1,0,0,0,0,0,0,0,0,0,0,0,1,1,0,0,0,0,0,2,0,0,0,0,0,0,0,0,0,0,0,0,0,0,0,0,1,0,0,0,0,0,0
0,0,0,0,3,0,0,0,0,0,0,0,0,0,0,0,0,0,0,0,0,2,0,0,0,0,0,0,0,0,0,0,0,0,0,0,0,0,0,0,0,0,0,0,0,0,0,0,0,0,0,0,0,1,0,0,0,1,0,0,0,0,1,1,0,0,0,0,0,0,0,0,0,0,0,0,0,0,0,0,0,0,0,0,0,0,0,0,0,0,0,0,0,0,0,0,0,0,0,0
1,0,2,0,0,0,0,0,0,0,0,0,0,1,0,0,1,0,0,0,0,0,0,0,3,0,0,0,1,0,0,0,0,0,1,0,0,1,0,0,0,0,0,0,0,0,0,0,2,0,8,0,4,0,0,0,0,0,2,0,0,0,0,0,0,0,0,0,0,0,0,0,0,0,1,0,3,0,0,0,0,0,0,2,0,0,0,0,0,0,0,0,0,3,0,0,0,0,0,0
0,0,0,1,0,0,0,0,0,3,0,0,0,0,0,0,0,0,0,0,3,0,0,0,0,0,0,0,1,0,0,1,1,0,0,0,0,0,0,0,0,0,0,0,2,0,0,0,1,0,6,0,1,1,0,0,1,1,0,0,0,0,1,2,0,0,0,0,0,0,0,2,0,0,0,0,1,0,0,0,5,0,0,1,0,0,0,0,0,0,0,0,0,0,0,0,0,0,0,0
0,0,0,0,0,0,0,0,0,0,0,1,0,0,0,1,0,0,0,0,1,5,0,0,0,0,0,0,0,1,0,0,0,0,0,0,0,0,1,0,0,0,0,0,0,0,0,0,0,0,0,0,0,0,0,0,0,0,0,0,0,0,0,0,0,0,0,0,0,0,0,0,0,0,1,0,0,0,0,0,0,0,0,0,0,0,0,0,0,0,0,0,0,5,0,0,1,0,0,0
0,0,2,1,1,0,0,2,0,3,0,2,2,3,0,5,0,1,1,0,0,0,1,0,3,1,0,0,0,2,0,2,0,0,1,0,0,2,0,0,0,0,1,0,0,1,1,0,5,0,6,0,2,0,1,1,1,0,1,0,0,0,0,0,0,0,2,0,1,3,0,0,0,0,1,1,2,0,1,0,0,0,0,4,0,0,0,0,1,0,0,1,0,4,1,0,0,0,0,0
0,0,0,0,0,0,0,0,0,0,0,0,0,1,0,1,0,0,1,0,0,0,1,0,0,0,0,1,0,0,1,0,0,0,0,0,0,0,0,0,1,0,0,0,0,0,2,0,2,0,1,0,0,0,0,0,0,0,0,0,0,0,0,0,0,0,0,2,0,1,1,1,0,0,0,0,0,0,1,0,0,0,0,0,0,2,0,0,0,0,0,0,0,0,1,0,0,0,1,0
0,0,0,0,0,0,4,1,0,0,0,0,0,1,0,0,4,1,1,0,0,0,0,0,1,0,0,0,0,0,0,0,0,0,0,0,0,0,0,0,0,0,0,0,0,1,0,0,2,0,2,0,3,0,0,0,0,0,0,0,0,1,0,0,0,1,0,0,0,0,0,0,0,0,0,0,4,0,0,0,0,0,0,1,0,1,0,0,0,0,0,0,1,2,0,0,0,0,1,0
0,0,0,0,0,0,1,1,0,0,0,0,0,0,0,0,0,0,0,0,0,0,2,0,0,0,0,0,0,0,0,0,0,0,0,0,0,0,0,0,0,0,0,0,0,0,0,0,7,0,1,0,1,0,0,1,1,0,0,1,0,0,0,0,0,0,0,0,0,0,2,0,0,1,0,1,2,0,0,0,0,0,1,0,0,0,1,0,2,0,0,0,0,0,0,0,0,0,0,0
0,0,0,0,0,0,1,0,0,0,2,0,0,0,0,1,0,0,2,0,0,3,7,0,1,0,0,2,0,0,0,4,2,0,0,0,0,0,1,0,1,0,0,0,2,0,2,0,2,0,1,0,0,0,0,1,0,0,2,0,0,1,0,0,0,1,1,2,1,1,0,0,0,0,0,0,1,0,2,0,0,0,0,1,0,0,0,0,8,0,0,1,1,1,1,0,1,1,0,0
0,0,5,1,0,0,0,0,2,0,0,1,0,0,0,0,1,0,1,0,0,1,1,0,0,1,0,0,1,0,3,0,0,0,0,0,0,15,1,0,1,0,0,0,0,2,0,0,1,2,3,2,2,1,0,0,0,1,0,0,1,0,0,0,0,0,0,0,2,0,0,3,0,3,12,2,2,2,0,0,0,0,0,1,0,0,0,0,0,0,0,1,0,4,2,0,0,0,3,0
0,0,1,0,0,0,0,0,0,4,0,0,1,0,0,0,0,0,0,0,0,1,3,0,0,0,0,0,0,0,0,1,0,2,0,0,0,0,0,0,0,0,0,0,0,0,0,0,5,0,4,0,1,0,0,0,1,0,1,0,0,0,0,1,0,2,0,0,3,1,1,1,0,0,0,0,1,1,0,0,0,1,0,2,0,0,0,0,0,0,1,1,0,0,0,0,0,1,0,0
0,0,0,0,0,0,0,0,0,0,0,2,0,0,0,0,0,0,0,0,0,0,0,0,0,0,0,0,0,0,0,0,0,0,0,0,0,0,0,0,0,0,0,0,0,4,0,0,0,0,0,0,0,0,0,0,0,0,0,0,0,0,0,0,0,0,0,0,0,0,0,0,0,0,0,0,0,0,0,0,0,0,0,0,0,0,0,0,0,0,0,0,0,0,0,0,0,0,0,0
1,1,0,0,0,0,0,1,3,14,5,4,0,0,0,3,0,0,0,0,0,0,8,1,0,1,0,0,1,0,0,0,0,1,0,0,0,0,0,2,1,0,0,0,0,0,2,0,5,0,6,0,1,0,0,4,3,0,0,0,0,0,0,0,0,0,4,1,0,1,3,0,4,2,0,3,1,0,5,0,0,2,0,2,0,1,0,0,13,0,2,1,0,0,0,0,0,0,1,0
6,0,1,0,0,0,1,0,1,5,1,0,0,1,0,2,0,0,0,0,0,0,2,0,2,2,0,0,1,0,0,1,2,0,1,0,0,2,0,0,0,0,0,0,0,0,0,0,3,0,13,0,3,2,1,1,1,1,2,0,0,0,0,2,1,0,0,0,0,1,0,0,7,0,1,0,3,0,0,0,0,0,0,2,0,0,0,0,0,0,0,0,0,1,0,0,0,0,0,0
0,0,0,0,0,0,0,0,0,0,0,0,0,0,0,0,0,0,1,0,0,0,1,1,0,0,0,0,0,0,0,0,0,0,0,0,0,1,0,1,0,0,0,0,0,0,1,0,3,0,0,0,0,0,0,0,0,0,0,0,0,0,0,0,0,0,0,1,0,1,0,0,0,0,0,1,1,0,1,1,0,0,0,0,0,0,0,0,0,0,0,1,0,0,0,0,0,1,0,0
0,0,0,0,0,0,0,0,0,1,0,0,0,0,1,0,0,0,0,0,0,0,0,0,0,0,0,0,0,0,0,0,0,0,0,0,0,0,0,0,0,0,1,0,0,0,0,0,1,1,0,0,0,2,0,0,0,1,0,0,0,0,0,0,0,0,0,0,0,0,0,0,0,0,0,2,0,1,0,0,0,0,0,0,0,0,0,0,0,0,0,0,0,0,0,1,0,0,0,0
1,0,5,0,0,0,2,0,0,2,0,0,1,0,0,0,1,0,0,1,0,1,2,0,2,0,0,0,1,0,1,0,0,1,0,0,0,5,1,0,0,1,0,0,0,1,2,0,6,1,11,0,4,0,0,1,0,0,5,0,1,0,1,2,0,0,2,0,4,0,0,2,0,3,4,0,6,0,0,1,0,0,0,2,0,0,0,0,0,0,0,2,0,8,1,0,2,0,1,1
0,0,0,0,0,0,1,1,0,0,0,0,0,5,0,0,2,1,0,0,0,0,2,0,1,0,1,1,1,0,0,0,0,0,0,0,0,0,0,0,0,0,0,0,1,0,0,0,1,0,5,0,3,0,0,0,1,0,0,0,0,0,0,1,0,0,0,0,0,7,3,0,0,0,0,0,1,0,1,0,0,0,2,1,0,0,0,0,1,0,0,0,0,0,0,0,0,1,0,0
0,0,2,2,1,0,0,0,1,1,0,0,0,0,1,0,0,0,0,2,0,1,3,0,0,0,0,0,0,0,0,0,0,1,0,1,0,0,0,0,0,0,0,0,0,1,2,0,2,1,4,0,0,0,3,0,0,0,0,0,0,0,0,0,0,5,0,0,1,0,0,0,0,0,0,0,1,3,0,0,0,1,2,5,0,0,1,1,0,0,1,1,0,2,0,0,0,0,0,0
0,3,3,0,0,0,1,0,4,1,0,0,3,0,0,1,1,0,0,0,0,2,4,1,1,0,0,0,0,0,1,0,0,1,0,0,0,4,0,0,1,2,0,0,0,1,0,0,0,0,5,0,2,0,1,2,1,0,1,0,1,0,0,0,0,0,0,0,2,0,0,1,0,4,7,0,5,0,0,0,0,0,0,0,0,0,0,0,0,0,2,3,0,6,1,0,6,1,0,1
0,0,2,0,0,0,1,0,0,5,0,1,1,0,0,0,0,0,0,0,0,2,3,0,0,0,0,0,0,0,0,1,1,0,0,0,1,0,1,0,0,0,0,0,2,0,1,0,4,0,4,0,2,0,2,0,1,0,0,0,0,0,0,1,0,3,0,0,0,0,1,0,2,0,0,0,2,0,0,0,0,1,1,2,0,0,0,0,0,0,1,0,1,1,0,0,0,0,0,0
0,0,1,1,4,0,0,0,0,2,0,0,0,0,0,2,0,0,0,0,0,0,0,0,0,0,0,0,1,0,0,0,0,0,0,0,0,0,0,0,0,0,1,1,0,0,0,0,4,0,0,0,0,0,0,0,0,0,0,0,0,0,0,0,1,0,0,1,0,0,0,0,0,0,0,0,0,0,0,0,0,0,0,1,0,0,0,0,0,0,0,0,0,0,0,0,0,0,0,0
0,0,0,0,0,0,0,0,0,1,2,3,0,0,0,0,0,0,0,0,0,0,0,0,0,0,0,0,0,0,0,0,0,0,0,0,0,0,0,1,0,0,0,0,0,0,0,0,0,0,0,0,0,0,0,0,0,0,0,0,0,0,0,1,0,0,1,0,0,0,0,0,0,0,0,0,0,0,1,0,2,0,0,0,1,1,0,0,1,0,0,0,0,0,0,0,0,1,0,0
0,0,0,3,0,2,0,0,0,0,0,0,0,0,2,0,0,0,2,0,0,1,3,2,0,0,0,0,0,0,1,0,0,0,0,0,1,0,0,1,0,3,0,0,0,0,0,1,0,0,0,0,2,0,4,0,1,0,0,0,0,0,0,0,0,0,1,0,1,0,0,4,0,0,0,0,2,2,0,1,0,0,0,0,0,0,0,0,0,0,0,1,0,4,0,0,0,1,0,0
1,0,0,0,0,2,1,0,0,0,0,0,0,0,0,0,0,0,1,0,0,2,0,0,0,1,3,0,0,0,0,0,0,0,0,0,0,0,2,1,0,0,0,0,0,0,0,0,0,0,0,0,1,0,0,0,1,0,0,0,0,0,0,0,0,0,0,0,0,3,0,1,0,0,0,0,0,0,0,0,0,0,0,1,0,0,0,0,0,0,0,0,0,0,0,0,0,0,0,0
0,0,0,0,0,0,0,1,0,1,0,0,0,0,0,0,0,0,0,0,0,2,1,0,0,0,1,1,0,0,0,1,0,1,0,0,0,0,1,1,0,0,0,0,0,1,1,0,2,0,1,0,2,0,0,1,2,0,0,0,0,0,0,0,0,0,0,0,1,1,0,0,0,0,0,0,3,0,0,0,0,1,0,0,0,0,0,0,0,0,1,2,0,1,0,0,0,1,1,1
0,0,0,0,0,0,0,0,0,0,0,0,1,0,0,0,0,0,1,0,0,0,0,0,0,2,0,0,1,0,0,0,0,0,0,0,0,0,0,0,0,0,0,0,0,0,0,0,0,0,0,0,1,0,0,0,0,0,0,0,0,0,0,0,0,0,0,0,0,0,0,0,0,0,0,0,0,0,0,1,0,0,0,0,0,0,0,0,0,0,0,0,0,0,0,0,0,0,0,0
5,1,0,0,0,0,2,5,1,3,0,0,0,1,0,0,1,0,2,0,0,0,3,3,3,1,0,0,1,0,0,0,0,0,0,0,0,0,0,0,0,0,0,1,0,0,0,0,1,1,13,1,6,0,1,0,1,0,3,0,0,0,0,1,0,1,0,0,2,0,0,0,2,0,0,0,3,0,0,0,0,0,0,3,0,0,0,0,0,2,0,0,0,0,1,0,0,1,1,3
0,0,0,0,0,0,0,0,0,0,0,0,0,0,2,0,0,0,2,0,0,4,1,0,0,0,0,0,0,0,0,0,0,2,0,0,17,0,0,0,0,0,0,0,0,0,0,0,0,0,0,0,0,0,3,0,1,0,1,0,0,0,0,0,0,0,0,1,0,0,0,0,0,0,0,0,1,0,0,0,0,1,0,0,0,0,0,0,0,0,1,4,1,0,0,0,0,0,0,0
0,0,0,1,0,0,0,1,0,0,0,0,0,1,1,0,0,1,1,0,0,5,0,0,0,1,1,0,0,0,0,0,0,0,0,0,0,0,2,0,1,2,1,0,0,0,0,0,0,0,0,0,0,3,2,0,0,1,0,0,0,1,1,0,0,0,0,0,0,1,0,1,0,0,0,0,0,0,1,0,0,0,0,0,0,1,0,1,0,0,0,0,0,1,0,1,0,0,0,0
1,0,0,0,0,0,1,0,0,0,0,0,0,6,0,0,2,1,3,0,0,0,0,0,3,0,3,0,0,0,0,0,2,1,1,0,0,0,0,0,1,0,0,0,2,0,0,0,2,1,0,0,7,0,0,1,2,0,1,0,0,0,0,0,0,0,0,0,0,9,6,2,0,0,0,0,3,0,1,0,0,0,1,2,0,0,1,0,0,0,0,0,0,1,0,0,0,2,6,0
0,0,0,0,0,0,0,0,0,0,0,0,0,0,1,0,0,0,0,0,0,0,1,0,0,0,0,0,0,0,0,0,0,0,0,0,0,0,0,0,0,0,0,0,0,0,0,2,0,0,0,0,0,0,0,0,2,0,0,0,0,0,0,0,0,0,0,1,0,0,0,0,0,0,0,0,0,1,0,0,0,0,0,0,0,0,0,1,0,0,0,0,0,0,0,1,0,0,0,0
1,1,3,0,0,0,0,0,1,7,0,0,1,0,0,2,0,0,1,0,0,0,2,0,0,1,0,0,0,0,0,1,0,0,0,6,0,0,0,0,0,0,1,0,0,0,2,0,6,0,3,0,0,0,0,1,1,0,2,0,0,0,0,3,1,0,0,0,1,0,0,0,3,0,0,1,1,0,0,1,0,2,1,2,0,0,2,1,2,0,1,1,0,0,0,0,0,1,0,0
0,1,1,0,0,2,2,3,0,2,2,0,0,18,0,0,3,2,3,0,0,0,2,0,1,2,3,0,0,1,0,0,1,1,1,0,0,0,0,0,0,0,1,2,3,0,2,0,4,0,4,1,6,0,0,0,2,0,0,0,1,1,0,3,1,2,1,0,2,5,4,0,0,0,0,0,6,0,0,0,0,0,3,3,0,0,0,1,1,1,0,0,1,0,0,0,1,1,4,1
0,1,1,0,0,2,2,3,0,2,2,0,0,18,0,0,3,2,3,0,0,0,2,0,1,2,3,0,0,1,0,0,1,1,1,0,0,0,0,0,0,0,1,2,3,0,2,0,4,0,4,1,6,0,0,0,2,0,0,0,1,1,0,3,1,2,1,0,2,5,4,0,0,0,0,0,6,0,0,0,0,0,3,3,0,0,0,1,1,1,0,0,1,0,0,0,1,1,4,1
0,0,1,0,0,0,0,0,1,6,1,0,0,0,2,7,0,1,0,0,0,7,3,0,0,0,0,0,0,0,2,1,0,4,0,1,0,1,0,0,0,0,2,0,1,0,2,1,14,1,1,1,1,1,0,3,0,1,1,2,1,0,0,3,3,0,0,1,4,1,0,1,0,0,0,0,2,2,1,1,0,1,5,1,7,0,1,4,2,0,1,0,0,1,0,1,0,0,0,0
0,0,0,0,0,1,0,0,0,0,0,1,0,1,0,0,0,1,1,1,0,1,1,0,0,1,0,0,0,0,0,0,4,0,1,0,0,0,0,0,0,0,0,0,0,0,2,0,5,0,2,0,1,1,0,1,0,2,0,0,0,0,0,1,0,0,0,0,0,5,1,0,0,0,0,1,2,0,2,0,0,0,0,0,0,0,1,0,1,0,0,0,1,1,1,0,0,0,1,0
0,0,0,0,0,0,0,0,0,0,2,0,0,0,0,0,0,1,0,0,0,1,2,1,0,0,0,0,0,0,1,0,0,0,0,0,0,0,0,3,0,0,0,0,0,0,6,0,0,0,0,0,0,0,0,0,0,0,0,0,3,0,0,0,0,0,1,1,0,0,0,0,0,0,0,0,0,0,1,0,0,0,0,0,0,0,0,0,2,0,0,0,0,0,0,0,0,3,0,0
0,0,0,0,0,2,0,0,0,0,0,0,0,0,1,0,0,0,0,0,0,0,0,0,0,0,0,0,0,0,0,0,0,0,0,0,1,0,0,0,0,0,0,0,0,0,0,1,0,0,0,0,0,0,0,0,0,0,0,0,0,0,0,0,0,0,0,2,0,0,0,0,0,0,0,0,0,1,0,0,0,0,0,0,0,0,0,0,0,0,0,0,0,0,0,0,0,0,0,0